16 0.087890625 0.08440052291666666 0.0615234375 0.0923628375 0.05859375 0.014332164583333333 0.0478515625 0.009554777083333334 0.01953125 0.05892112083333333 0.044921875 0.17039351041666664 0.048828125 0.7818991916666668 0.033203125 0.9315906875 0.0439453125 0.9682173291666667 0.068359375 0.97617964375 0.0966796875 0.9714022541666666 0.115234375 0.9252208354166667 0.087890625 0.7787142666666667 0.0859375 0.17039351041666664 0.1171875 0.07803067291666667 0.0986328125 0.025479404166666667 0.087890625 0.08440052291666666
16 0.19140625 0.10032515 0.1689453125 0.11465731458333334 0.15625 0.090770375 0.1552734375 0.025479404166666667 0.123046875 0.07484574791666666 0.123046875 0.11624977708333332 0.150390625 0.1831332125 0.150390625 0.7596047145833332 0.1328125 0.8997414333333332 0.1455078125 0.93318315 0.17578125 0.9475153145833333 0.2109375 0.9092962083333334 0.189453125 0.7627896395833333 0.1875 0.1895030625 0.21484375 0.12898947916666667 0.216796875 0.08440052291666666 0.1982421875 0.04458895625 0.19140625 0.10032515
16 0.28515625 0.12261962916666666 0.2666015625 0.12739701666666667 0.2548828125 0.04458895625 0.23046875 0.07803067291666667 0.224609375 0.12580455416666667 0.25 0.18631813749999998 0.251953125 0.278680975 0.251953125 0.7118308333333334 0.234375 0.89018665625 0.26171875 0.9347756125 0.2939453125 0.9268133 0.310546875 0.8933715812499999 0.287109375 0.7118308333333334 0.28515625 0.2245372416666667 0.31640625 0.11624977708333332 0.2978515625 0.06369850833333333 0.28515625 0.12261962916666666
16 0.380859375 0.15128395833333333 0.3583984375 0.15287642083333333 0.3505859375 0.0859929875 0.322265625 0.14172918125 0.345703125 0.21179754166666667 0.34765625 0.3487493333333333 0.34765625 0.7373102354166666 0.330078125 0.8647072541666667 0.361328125 0.9061112833333334 0.3896484375 0.8981489708333333 0.404296875 0.8647072541666667 0.380859375 0.7245705354166667 0.37890625 0.23727694375 0.404296875 0.14491410624999998 0.3876953125 0.10191761458333333 0.380859375 0.15128395833333333
16 0.46875 0.16402366041666666 0.4541015625 0.17198597291666667 0.4365234375 0.10191761458333333 0.412109375 0.16083873333333332 0.435546875 0.22772216875 0.4375 0.7277554604166667 0.421875 0.83922785 0.4345703125 0.88222434375 0.4609375 0.8933715812499999 0.4921875 0.8519675520833334 0.46875 0.6704268020833334 0.46875 0.23727694375 0.490234375 0.18631813749999998 0.490234375 0.13854425625 0.4794921875 0.11465731458333334 0.46875 0.16402366041666666
16 0.556640625 0.17676336041666665 0.5361328125 0.18791059999999998 0.5263671875 0.12102716666666667 0.505859375 0.14491410624999998 0.498046875 0.1895030625 0.5234375 0.27231112291666665 0.5234375 0.7373102354166666 0.509765625 0.836042925 0.53515625 0.8774469541666666 0.5576171875 0.8726695666666667 0.57421875 0.836042925 0.552734375 0.7213856083333333 0.55078125 0.2691261979166667 0.57421875 0.16083873333333332 0.5615234375 0.14013671875 0.556640625 0.17676336041666665
16 0.6162109375 0.20702015208333335 0.6064453125 0.14650656875 0.58203125 0.1831332125 0.6015625 0.24683172083333332 0.6015625 0.7245705354166667 0.58984375 0.8233032229166667 0.62109375 0.8583374020833333 0.650390625 0.8201182979166667 0.630859375 0.7118308333333334 0.626953125 0.3009754520833334 0.650390625 0.17676336041666665 0.6416015625 0.15924627083333334 0.6328125 0.20224276458333332 0.6162109375 0.20702015208333335
16 0.6904296875 0.21657492916666668 0.6806640625 0.15606134583333334 0.658203125 0.20542768958333332 0.67578125 0.25638649583333334 0.677734375 0.39015336458333333 0.677734375 0.7118308333333334 0.6640625 0.80100874375 0.6748046875 0.8408203125 0.6953125 0.8519675520833334 0.72265625 0.8137484458333333 0.705078125 0.7277554604166667 0.703125 0.27231112291666665 0.724609375 0.21179754166666667 0.7119140625 0.16880104791666667 0.705078125 0.21179754166666667 0.6904296875 0.21657492916666668
16 0.7646484375 0.23249955625000002 0.7548828125 0.17835582291666666 0.732421875 0.20542768958333332 0.75 0.27549605 0.751953125 0.6863514291666667 0.73828125 0.80100874375 0.76171875 0.83922785 0.7802734375 0.8376353875 0.794921875 0.80100874375 0.77734375 0.7150157583333333 0.775390625 0.285050825 0.794921875 0.20861261458333333 0.7861328125 0.184725675 0.7646484375 0.23249955625000002
16 0.8251953125 0.18791059999999998 0.80859375 0.20861261458333333 0.806640625 0.24683172083333332 0.822265625 0.285050825 0.8125 0.8137484458333333 0.830078125 0.8328579979166667 0.859375 0.8137484458333333 0.845703125 0.7341253104166667 0.84375 0.2914206770833333 0.859375 0.21179754166666667 0.8525390625 0.20065030208333334 0.8349609375 0.23886940625 0.8251953125 0.18791059999999998
16 0.8916015625 0.25479403333333334 0.8857421875 0.21339000416666665 0.8671875 0.2627563479166667 0.8828125 0.32008500625 0.873046875 0.79463889375 0.888671875 0.8201182979166667 0.9091796875 0.8185258354166667 0.919921875 0.7882690437500001 0.904296875 0.6863514291666667 0.904296875 0.30734530416666667 0.919921875 0.24364679583333335 0.9111328125 0.22294477916666666 0.8916015625 0.25479403333333334
16 0.9423828125 0.23568448125 0.9296875 0.25320157083333333 0.94140625 0.5908036666666666 0.931640625 0.7755293416666666 0.94921875 0.8041936708333334 0.97265625 0.7850841166666667 0.9609375 0.7118308333333334 0.9609375 0.30734530416666667 0.97265625 0.2627563479166667 0.9619140625 0.24523925833333332 0.9541015625 0.26434881041666664 0.9423828125 0.23568448125