16 0.0517578125 0.318359375 0.0283203125 0.298828125 0.009765625 0.3369140625 0.048828125 0.3837890625 0.1015625 0.6279296875 0.09375 0.6904296875 0.111328125 0.7099609375 0.1552734375 0.703125 0.17578125 0.6650390625 0.138671875 0.6044921875 0.076171875 0.3603515625 0.091796875 0.3271484375 0.0771484375 0.291015625 0.0517578125 0.318359375
16 0.1591796875 0.3125 0.1455078125 0.291015625 0.125 0.3212890625 0.154296875 0.3564453125 0.19140625 0.6005859375 0.18359375 0.6650390625 0.203125 0.6845703125 0.2490234375 0.67578125 0.2578125 0.6435546875 0.23046875 0.5986328125 0.19140625 0.3955078125 0.19921875 0.3037109375 0.1884765625 0.2890625 0.1591796875 0.3125
16 0.2392578125 0.310546875 0.2314453125 0.291015625 0.212890625 0.3232421875 0.240234375 0.3583984375 0.275390625 0.5849609375 0.267578125 0.6494140625 0.283203125 0.6689453125 0.3232421875 0.6640625 0.3359375 0.6298828125 0.310546875 0.5869140625 0.267578125 0.3583984375 0.283203125 0.3056640625 0.2724609375 0.29296875 0.2392578125 0.310546875
16 0.3271484375 0.30078125 0.314453125 0.3310546875 0.337890625 0.3818359375 0.341796875 0.6318359375 0.361328125 0.6513671875 0.408203125 0.6298828125 0.38671875 0.5771484375 0.365234375 0.3896484375 0.380859375 0.3212890625 0.3740234375 0.302734375 0.3408203125 0.318359375 0.3271484375 0.30078125
16 0.396484375 0.3388671875 0.41796875 0.3759765625 0.431640625 0.6416015625 0.4638671875 0.642578125 0.48046875 0.6123046875 0.462890625 0.5830078125 0.4453125 0.3994140625 0.458984375 0.3271484375 0.4111328125 0.3125 0.396484375 0.3388671875
16 0.48828125 0.3388671875 0.505859375 0.3818359375 0.494140625 0.6181640625 0.515625 0.6337890625 0.55078125 0.6162109375 0.533203125 0.4619140625 0.548828125 0.3369140625 0.5419921875 0.326171875 0.5146484375 0.33984375 0.5048828125 0.322265625 0.48828125 0.3388671875
16 0.568359375 0.3525390625 0.58203125 0.3994140625 0.556640625 0.5986328125 0.578125 0.6240234375 0.609375 0.6083984375 0.60546875 0.4052734375 0.626953125 0.3623046875 0.6201171875 0.34375 0.6005859375 0.35546875 0.5888671875 0.337890625 0.568359375 0.3525390625
16 0.6943359375 0.3671875 0.6826171875 0.376953125 0.6708984375 0.376953125 0.6630859375 0.361328125 0.6552734375 0.361328125 0.642578125 0.3740234375 0.65234375 0.4013671875 0.65234375 0.4306640625 0.634765625 0.5869140625 0.623046875 0.6005859375 0.625 0.6142578125 0.642578125 0.6240234375 0.6630859375 0.623046875 0.671875 0.6123046875 0.666015625 0.5693359375 0.67578125 0.4501953125 0.681640625 0.4052734375 0.697265625 0.3896484375 0.6943359375 0.3671875
16 0.763671875 0.3896484375 0.7587890625 0.384765625 0.7509765625 0.39453125 0.7392578125 0.39453125 0.732421875 0.3896484375 0.7294921875 0.376953125 0.7177734375 0.3828125 0.7109375 0.3935546875 0.720703125 0.4169921875 0.720703125 0.4345703125 0.70703125 0.5009765625 0.701171875 0.5693359375 0.685546875 0.5986328125 0.685546875 0.6083984375 0.69921875 0.6201171875 0.7177734375 0.62109375 0.73046875 0.6083984375 0.724609375 0.5751953125 0.73828125 0.4658203125 0.74609375 0.4248046875 0.763671875 0.4052734375 0.763671875 0.3896484375
16 0.8056640625 0.416015625 0.7958984375 0.416015625 0.7900390625 0.40234375 0.7783203125 0.404296875 0.76953125 0.4150390625 0.77734375 0.4501953125 0.751953125 0.5908203125 0.7421875 0.6044921875 0.7421875 0.6181640625 0.76171875 0.6279296875 0.7763671875 0.626953125 0.78125 0.6220703125 0.779296875 0.5810546875 0.80078125 0.4541015625 0.818359375 0.4287109375 0.8134765625 0.41015625 0.8056640625 0.416015625
16 0.8447265625 0.4453125 0.8388671875 0.431640625 0.8291015625 0.43359375 0.822265625 0.4423828125 0.826171875 0.4794921875 0.80078125 0.5908203125 0.7890625 0.6123046875 0.7890625 0.6240234375 0.802734375 0.6337890625 0.8173828125 0.634765625 0.826171875 0.6240234375 0.826171875 0.5849609375 0.849609375 0.4736328125 0.8671875 0.4541015625 0.8642578125 0.44140625 0.8447265625 0.4453125
16 0.888671875 0.4658203125 0.8876953125 0.455078125 0.8779296875 0.45703125 0.87109375 0.4638671875 0.875 0.4931640625 0.845703125 0.5986328125 0.83203125 0.6201171875 0.833984375 0.6357421875 0.8515625 0.6416015625 0.865234375 0.6357421875 0.8671875 0.5986328125 0.892578125 0.4990234375 0.91015625 0.4794921875 0.91015625 0.4658203125 0.8955078125 0.470703125 0.888671875 0.4658203125
16 0.9365234375 0.498046875 0.9296875 0.4931640625 0.9267578125 0.484375 0.9169921875 0.486328125 0.912109375 0.4931640625 0.916015625 0.5107421875 0.912109375 0.5302734375 0.884765625 0.6142578125 0.87109375 0.6357421875 0.8798828125 0.6484375 0.884765625 0.6494140625 0.8955078125 0.650390625 0.90234375 0.6455078125 0.90625 0.6083984375 0.93359375 0.5224609375 0.94921875 0.5048828125 0.9482421875 0.494140625 0.9365234375 0.498046875
16 0.9853515625 0.51953125 0.9716796875 0.5234375 0.96875 0.5126953125 0.9638671875 0.509765625 0.9580078125 0.51171875 0.951171875 0.5205078125 0.951171875 0.5458984375 0.916015625 0.6318359375 0.90625 0.6455078125 0.908203125 0.6552734375 0.916015625 0.6591796875 0.9287109375 0.66015625 0.93359375 0.6552734375 0.93359375 0.6376953125 0.966796875 0.5517578125 0.97265625 0.5400390625 0.986328125 0.5302734375 0.9853515625 0.51953125