16 0.966796875 0.9315906875 0.951171875 0.7818991916666668 0.955078125 0.17039351041666664 0.98046875 0.05892112083333333 0.9521484375 0.009554777083333334 0.94140625 0.014332164583333333 0.9384765625 0.0923628375 0.912109375 0.08440052291666666 0.9013671875 0.025479404166666667 0.8828125 0.07803067291666667 0.9140625 0.17039351041666664 0.912109375 0.7787142666666667 0.884765625 0.9252208354166667 0.9033203125 0.9714022541666666 0.931640625 0.97617964375 0.9560546875 0.9682173291666667 0.966796875 0.9315906875
16 0.8671875 0.8997414333333332 0.849609375 0.7596047145833332 0.849609375 0.1831332125 0.876953125 0.11624977708333332 0.876953125 0.07484574791666666 0.8447265625 0.025479404166666667 0.84375 0.090770375 0.8310546875 0.11465731458333334 0.80859375 0.10032515 0.8017578125 0.04458895625 0.783203125 0.08440052291666666 0.78515625 0.12898947916666667 0.8125 0.1895030625 0.810546875 0.7627896395833333 0.7890625 0.9092962083333334 0.82421875 0.9475153145833333 0.8544921875 0.93318315 0.8671875 0.8997414333333332
16 0.748046875 0.7118308333333334 0.748046875 0.278680975 0.75 0.18631813749999998 0.775390625 0.12580455416666667 0.76953125 0.07803067291666667 0.7451171875 0.04458895625 0.7333984375 0.12739701666666667 0.71484375 0.12261962916666666 0.7021484375 0.06369850833333333 0.68359375 0.11624977708333332 0.71484375 0.2245372416666667 0.712890625 0.7118308333333334 0.689453125 0.8933715812499999 0.7060546875 0.9268133 0.73828125 0.9347756125 0.765625 0.89018665625 0.748046875 0.7118308333333334
16 0.65234375 0.7373102354166666 0.65234375 0.3487493333333333 0.654296875 0.21179754166666667 0.677734375 0.14172918125 0.6494140625 0.0859929875 0.6416015625 0.15287642083333333 0.619140625 0.15128395833333333 0.6123046875 0.10191761458333333 0.595703125 0.14491410624999998 0.62109375 0.23727694375 0.619140625 0.7245705354166667 0.595703125 0.8647072541666667 0.6103515625 0.8981489708333333 0.638671875 0.9061112833333334 0.669921875 0.8647072541666667 0.65234375 0.7373102354166666
16 0.578125 0.83922785 0.5625 0.7277554604166667 0.564453125 0.22772216875 0.587890625 0.16083873333333332 0.5634765625 0.10191761458333333 0.5458984375 0.17198597291666667 0.53125 0.16402366041666666 0.5205078125 0.11465731458333334 0.509765625 0.13854425625 0.509765625 0.18631813749999998 0.53125 0.23727694375 0.53125 0.6704268020833334 0.5078125 0.8519675520833334 0.5390625 0.8933715812499999 0.5654296875 0.88222434375 0.578125 0.83922785
16 0.4765625 0.7373102354166666 0.4765625 0.27231112291666665 0.501953125 0.1895030625 0.494140625 0.14491410624999998 0.4736328125 0.12102716666666667 0.4638671875 0.18791059999999998 0.443359375 0.17676336041666665 0.4384765625 0.14013671875 0.42578125 0.16083873333333332 0.44921875 0.2691261979166667 0.447265625 0.7213856083333333 0.42578125 0.836042925 0.4423828125 0.8726695666666667 0.46484375 0.8774469541666666 0.490234375 0.836042925 0.4765625 0.7373102354166666
16 0.3984375 0.7245705354166667 0.3984375 0.24683172083333332 0.41796875 0.1831332125 0.3935546875 0.14650656875 0.3837890625 0.20702015208333335 0.3671875 0.20224276458333332 0.3583984375 0.15924627083333334 0.349609375 0.17676336041666665 0.373046875 0.3009754520833334 0.369140625 0.7118308333333334 0.349609375 0.8201182979166667 0.37890625 0.8583374020833333 0.41015625 0.8233032229166667 0.3984375 0.7245705354166667
16 0.3359375 0.80100874375 0.322265625 0.7118308333333334 0.322265625 0.39015336458333333 0.32421875 0.25638649583333334 0.341796875 0.20542768958333332 0.3193359375 0.15606134583333334 0.3095703125 0.21657492916666668 0.294921875 0.21179754166666667 0.2880859375 0.16880104791666667 0.275390625 0.21179754166666667 0.296875 0.27231112291666665 0.294921875 0.7277554604166667 0.27734375 0.8137484458333333 0.3046875 0.8519675520833334 0.3251953125 0.8408203125 0.3359375 0.80100874375
16 0.248046875 0.6863514291666667 0.25 0.27549605 0.267578125 0.20542768958333332 0.2451171875 0.17835582291666666 0.2353515625 0.23249955625000002 0.2138671875 0.184725675 0.205078125 0.20861261458333333 0.224609375 0.285050825 0.22265625 0.7150157583333333 0.205078125 0.80100874375 0.2197265625 0.8376353875 0.23828125 0.83922785 0.26171875 0.80100874375 0.248046875 0.6863514291666667
16 0.177734375 0.285050825 0.193359375 0.24683172083333332 0.19140625 0.20861261458333333 0.1748046875 0.18791059999999998 0.1650390625 0.23886940625 0.1474609375 0.20065030208333334 0.140625 0.21179754166666667 0.15625 0.2914206770833333 0.154296875 0.7341253104166667 0.140625 0.8137484458333333 0.169921875 0.8328579979166667 0.1875 0.8137484458333333 0.177734375 0.285050825
16 0.1171875 0.32008500625 0.1328125 0.2627563479166667 0.1142578125 0.21339000416666665 0.1083984375 0.25479403333333334 0.0888671875 0.22294477916666666 0.080078125 0.24364679583333335 0.095703125 0.30734530416666667 0.095703125 0.6863514291666667 0.080078125 0.7882690437500001 0.0908203125 0.8185258354166667 0.111328125 0.8201182979166667 0.126953125 0.79463889375 0.1171875 0.32008500625
16 0.05859375 0.5908036666666666 0.0703125 0.25320157083333333 0.0576171875 0.23568448125 0.0458984375 0.26434881041666664 0.0380859375 0.24523925833333332 0.02734375 0.2627563479166667 0.0390625 0.30734530416666667 0.0390625 0.7118308333333334 0.02734375 0.7850841166666667 0.05078125 0.8041936708333334 0.068359375 0.7755293416666666 0.05859375 0.5908036666666666