16 0.912109375 0.9155994770833333 0.9384765625 0.9076371625 0.94140625 0.9856678354166667 0.9521484375 0.9904452229166666 0.98046875 0.9410788791666668 0.955078125 0.8296064895833334 0.951171875 0.21810080833333334 0.966796875 0.0684093125 0.9560546875 0.03178267083333333 0.931640625 0.02382035625 0.9033203125 0.028597745833333334 0.884765625 0.07477916458333334 0.912109375 0.22128573333333332 0.9140625 0.8296064895833334 0.8828125 0.9219693270833333 0.9013671875 0.9745205958333333 0.912109375 0.9155994770833333
16 0.80859375 0.89967485 0.8310546875 0.8853426854166667 0.84375 0.909229625 0.8447265625 0.9745205958333333 0.876953125 0.9251542520833334 0.876953125 0.8837502229166667 0.849609375 0.8168667875000001 0.849609375 0.24039528541666666 0.8671875 0.10025856666666666 0.8544921875 0.06681685 0.82421875 0.05248468541666666 0.7890625 0.09070379166666667 0.810546875 0.23721036041666668 0.8125 0.8104969375 0.78515625 0.8710105208333334 0.783203125 0.9155994770833333 0.8017578125 0.9554110437500001 0.80859375 0.89967485
16 0.71484375 0.8773803708333333 0.7333984375 0.8726029833333333 0.7451171875 0.9554110437500001 0.76953125 0.9219693270833333 0.775390625 0.8741954458333333 0.75 0.8136818625 0.748046875 0.721319025 0.748046875 0.2881691666666667 0.765625 0.10981334375 0.73828125 0.0652243875 0.7060546875 0.0731867 0.689453125 0.10662841875 0.712890625 0.2881691666666667 0.71484375 0.7754627583333333 0.68359375 0.8837502229166667 0.7021484375 0.9363014916666667 0.71484375 0.8773803708333333
16 0.619140625 0.8487160416666666 0.6416015625 0.8471235791666667 0.6494140625 0.9140070125 0.677734375 0.85827081875 0.654296875 0.7882024583333334 0.65234375 0.6512506666666666 0.65234375 0.2626897645833333 0.669921875 0.13529274583333334 0.638671875 0.09388871666666666 0.6103515625 0.10185102916666668 0.595703125 0.13529274583333334 0.619140625 0.27542946458333334 0.62109375 0.7627230562499999 0.595703125 0.85508589375 0.6123046875 0.8980823854166666 0.619140625 0.8487160416666666
16 0.53125 0.8359763395833333 0.5458984375 0.8280140270833333 0.5634765625 0.8980823854166666 0.587890625 0.8391612666666667 0.564453125 0.7722778312499999 0.5625 0.27224453958333333 0.578125 0.16077215 0.5654296875 0.11777565625 0.5390625 0.10662841875 0.5078125 0.14803244791666667 0.53125 0.32957319791666667 0.53125 0.7627230562499999 0.509765625 0.8136818625 0.509765625 0.86145574375 0.5205078125 0.8853426854166667 0.53125 0.8359763395833333
16 0.443359375 0.8232366395833334 0.4638671875 0.8120894 0.4736328125 0.8789728333333334 0.494140625 0.85508589375 0.501953125 0.8104969375 0.4765625 0.7276888770833333 0.4765625 0.2626897645833333 0.490234375 0.16395707499999998 0.46484375 0.12255304583333333 0.4423828125 0.12733043333333333 0.42578125 0.16395707499999998 0.447265625 0.2786143916666666 0.44921875 0.7308738020833334 0.42578125 0.8391612666666667 0.4384765625 0.85986328125 0.443359375 0.8232366395833334
16 0.3837890625 0.7929798479166668 0.3935546875 0.85349343125 0.41796875 0.8168667875000001 0.3984375 0.7531682791666667 0.3984375 0.27542946458333334 0.41015625 0.17669677708333334 0.37890625 0.14166259791666666 0.349609375 0.17988170208333332 0.369140625 0.2881691666666667 0.373046875 0.6990245479166667 0.349609375 0.8232366395833334 0.3583984375 0.8407537291666666 0.3671875 0.7977572354166667 0.3837890625 0.7929798479166668
16 0.3095703125 0.7834250708333333 0.3193359375 0.8439386541666667 0.341796875 0.7945723104166666 0.32421875 0.7436135041666667 0.322265625 0.6098466354166666 0.322265625 0.2881691666666667 0.3359375 0.19899125625 0.3251953125 0.1591796875 0.3046875 0.14803244791666667 0.27734375 0.18625155416666667 0.294921875 0.27224453958333333 0.296875 0.7276888770833333 0.275390625 0.7882024583333334 0.2880859375 0.8311989520833334 0.294921875 0.7882024583333334 0.3095703125 0.7834250708333333
16 0.2353515625 0.76750044375 0.2451171875 0.8216441770833334 0.267578125 0.7945723104166666 0.25 0.72450395 0.248046875 0.3136485708333333 0.26171875 0.19899125625 0.23828125 0.16077215 0.2197265625 0.16236461249999998 0.205078125 0.19899125625 0.22265625 0.2849842416666667 0.224609375 0.714949175 0.205078125 0.7913873854166666 0.2138671875 0.8152743250000001 0.2353515625 0.76750044375
16 0.1748046875 0.8120894 0.19140625 0.7913873854166666 0.193359375 0.7531682791666667 0.177734375 0.714949175 0.1875 0.18625155416666667 0.169921875 0.16714200208333332 0.140625 0.18625155416666667 0.154296875 0.2658746895833333 0.15625 0.7085793229166666 0.140625 0.7882024583333334 0.1474609375 0.7993496979166667 0.1650390625 0.76113059375 0.1748046875 0.8120894
16 0.1083984375 0.7452059666666667 0.1142578125 0.7866099958333332 0.1328125 0.7372436520833333 0.1171875 0.67991499375 0.126953125 0.20536110624999998 0.111328125 0.17988170208333332 0.0908203125 0.18147416458333332 0.080078125 0.21173095625 0.095703125 0.3136485708333333 0.095703125 0.6926546958333333 0.080078125 0.7563532041666666 0.0888671875 0.7770552208333333 0.1083984375 0.7452059666666667
16 0.0576171875 0.7643155187499999 0.0703125 0.7467984291666667 0.05859375 0.40919633333333333 0.068359375 0.22447065833333332 0.05078125 0.19580632916666665 0.02734375 0.2149158833333333 0.0390625 0.2881691666666667 0.0390625 0.6926546958333333 0.02734375 0.7372436520833333 0.0380859375 0.7547607416666666 0.0458984375 0.7356511895833333 0.0576171875 0.7643155187499999