16 0.8984375 0.6279296875 0.951171875 0.3837890625 0.990234375 0.3369140625 0.9716796875 0.298828125 0.9482421875 0.318359375 0.9228515625 0.291015625 0.908203125 0.3271484375 0.923828125 0.3603515625 0.861328125 0.6044921875 0.82421875 0.6650390625 0.8447265625 0.703125 0.888671875 0.7099609375 0.90625 0.6904296875 0.8984375 0.6279296875
16 0.80859375 0.6005859375 0.845703125 0.3564453125 0.875 0.3212890625 0.8544921875 0.291015625 0.8408203125 0.3125 0.8115234375 0.2890625 0.80078125 0.3037109375 0.80859375 0.3955078125 0.76953125 0.5986328125 0.7421875 0.6435546875 0.7509765625 0.67578125 0.796875 0.6845703125 0.81640625 0.6650390625 0.80859375 0.6005859375
16 0.724609375 0.5849609375 0.759765625 0.3583984375 0.787109375 0.3232421875 0.7685546875 0.291015625 0.7607421875 0.310546875 0.7275390625 0.29296875 0.716796875 0.3056640625 0.732421875 0.3583984375 0.689453125 0.5869140625 0.6640625 0.6298828125 0.6767578125 0.6640625 0.716796875 0.6689453125 0.732421875 0.6494140625 0.724609375 0.5849609375
16 0.662109375 0.3818359375 0.685546875 0.3310546875 0.6728515625 0.30078125 0.6591796875 0.318359375 0.6259765625 0.302734375 0.619140625 0.3212890625 0.634765625 0.3896484375 0.61328125 0.5771484375 0.591796875 0.6298828125 0.638671875 0.6513671875 0.658203125 0.6318359375 0.662109375 0.3818359375
16 0.603515625 0.3388671875 0.5888671875 0.3125 0.541015625 0.3271484375 0.5546875 0.3994140625 0.537109375 0.5830078125 0.51953125 0.6123046875 0.5361328125 0.642578125 0.568359375 0.6416015625 0.58203125 0.3759765625 0.603515625 0.3388671875
16 0.494140625 0.3818359375 0.51171875 0.3388671875 0.4951171875 0.322265625 0.4853515625 0.33984375 0.4580078125 0.326171875 0.451171875 0.3369140625 0.466796875 0.4619140625 0.44921875 0.6162109375 0.484375 0.6337890625 0.505859375 0.6181640625 0.494140625 0.3818359375
16 0.41796875 0.3994140625 0.431640625 0.3525390625 0.4111328125 0.337890625 0.3994140625 0.35546875 0.3798828125 0.34375 0.373046875 0.3623046875 0.39453125 0.4052734375 0.390625 0.6083984375 0.421875 0.6240234375 0.443359375 0.5986328125 0.41796875 0.3994140625
16 0.376953125 0.6005859375 0.365234375 0.5869140625 0.34765625 0.4306640625 0.34765625 0.4013671875 0.357421875 0.3740234375 0.3447265625 0.361328125 0.3369140625 0.361328125 0.3291015625 0.376953125 0.3173828125 0.376953125 0.3056640625 0.3671875 0.302734375 0.3896484375 0.318359375 0.4052734375 0.32421875 0.4501953125 0.333984375 0.5693359375 0.328125 0.6123046875 0.3369140625 0.623046875 0.357421875 0.6240234375 0.375 0.6142578125 0.376953125 0.6005859375
16 0.314453125 0.5986328125 0.298828125 0.5693359375 0.29296875 0.5009765625 0.279296875 0.4345703125 0.279296875 0.4169921875 0.2890625 0.3935546875 0.2822265625 0.3828125 0.2705078125 0.376953125 0.267578125 0.3896484375 0.2607421875 0.39453125 0.2490234375 0.39453125 0.2412109375 0.384765625 0.236328125 0.3896484375 0.236328125 0.4052734375 0.25390625 0.4248046875 0.26171875 0.4658203125 0.275390625 0.5751953125 0.26953125 0.6083984375 0.2822265625 0.62109375 0.30078125 0.6201171875 0.314453125 0.6083984375 0.314453125 0.5986328125
16 0.2578125 0.6044921875 0.248046875 0.5908203125 0.22265625 0.4501953125 0.23046875 0.4150390625 0.2216796875 0.404296875 0.2099609375 0.40234375 0.2041015625 0.416015625 0.1943359375 0.416015625 0.1865234375 0.41015625 0.181640625 0.4287109375 0.19921875 0.4541015625 0.220703125 0.5810546875 0.21875 0.6220703125 0.2236328125 0.626953125 0.23828125 0.6279296875 0.2578125 0.6181640625 0.2578125 0.6044921875
16 0.2109375 0.6123046875 0.19921875 0.5908203125 0.173828125 0.4794921875 0.177734375 0.4423828125 0.1708984375 0.43359375 0.1611328125 0.431640625 0.1552734375 0.4453125 0.1357421875 0.44140625 0.1328125 0.4541015625 0.150390625 0.4736328125 0.173828125 0.5849609375 0.173828125 0.6240234375 0.1826171875 0.634765625 0.197265625 0.6337890625 0.2109375 0.6240234375 0.2109375 0.6123046875
16 0.16796875 0.6201171875 0.154296875 0.5986328125 0.125 0.4931640625 0.12890625 0.4638671875 0.1220703125 0.45703125 0.1123046875 0.455078125 0.111328125 0.4658203125 0.1044921875 0.470703125 0.08984375 0.4658203125 0.08984375 0.4794921875 0.107421875 0.4990234375 0.1328125 0.5986328125 0.134765625 0.6357421875 0.1484375 0.6416015625 0.166015625 0.6357421875 0.16796875 0.6201171875
16 0.12890625 0.6357421875 0.115234375 0.6142578125 0.087890625 0.5302734375 0.083984375 0.5107421875 0.087890625 0.4931640625 0.0830078125 0.486328125 0.0732421875 0.484375 0.0703125 0.4931640625 0.0634765625 0.498046875 0.0517578125 0.494140625 0.05078125 0.5048828125 0.06640625 0.5224609375 0.09375 0.6083984375 0.09765625 0.6455078125 0.1044921875 0.650390625 0.115234375 0.6494140625 0.1201171875 0.6484375 0.12890625 0.6357421875
16 0.09375 0.6455078125 0.083984375 0.6318359375 0.048828125 0.5458984375 0.048828125 0.5205078125 0.0419921875 0.51171875 0.0361328125 0.509765625 0.03125 0.5126953125 0.0283203125 0.5234375 0.0146484375 0.51953125 0.013671875 0.5302734375 0.02734375 0.5400390625 0.033203125 0.5517578125 0.06640625 0.6376953125 0.06640625 0.6552734375 0.0712890625 0.66015625 0.083984375 0.6591796875 0.091796875 0.6552734375 0.09375 0.6455078125