13 0.6936968765625 0.5593372479166666 0.6845703125 0.5555555562500001 0.681640625 0.5607638895833333 0.6820839453125 0.5757521604166667 0.7236328125 0.6215277770833333 0.7314453125 0.6354166666666666 0.7470703125 0.6423611104166667 0.791015625 0.6927083333333334 0.8061313390624999 0.7037884791666666 0.798828125 0.6892361104166667 0.7548828125 0.6388888895833333 0.7431640625 0.6145833333333334 0.7294921875 0.6041666666666666 0.7177734375 0.5833333333333334 0.6936968765625 0.5593372479166666
13 0.6083984375 0.5347222229166667 0.607421875 0.5434027770833333 0.615234375 0.5746527770833333 0.61328125 0.5954861104166667 0.62109375 0.6232638895833333 0.62109375 0.640625 0.630859375 0.6684027770833333 0.6435546875 0.6666666666666666 0.6484375 0.6579861104166667 0.6484375 0.640625 0.6328125 0.6024305562500001 0.630859375 0.5885416666666666 0.62109375 0.5746527770833333 0.6083984375 0.5347222229166667
13 0.8701171875 0.37152777708333334 0.8603515625 0.375 0.85546875 0.36631944375000003 0.802734375 0.234375 0.7958984375 0.22222222291666668 0.7919921875 0.22222222291666668 0.7890625 0.22743055625 0.794921875 0.24479166666666666 0.8515625 0.3732638895833333 0.853515625 0.3802083333333333 0.849609375 0.39756944375000003 0.8671875 0.4322916666666667 0.876953125 0.4739583333333333 0.904296875 0.52256944375 0.9130859375 0.52430555625 0.921875 0.515625 0.92578125 0.5017361104166667 0.921875 0.48090277708333334 0.908203125 0.44618055624999997 0.88671875 0.41493055624999997 0.8701171875 0.37152777708333334
13 0.69140625 0.26215277708333334 0.6826171875 0.25 0.6767578125 0.25 0.669921875 0.25868055625 0.6640625 0.28993055624999997 0.6640625 0.32465277708333334 0.669921875 0.3697916666666667 0.666015625 0.39756944375000003 0.67578125 0.4079861104166667 0.671875 0.5190972229166666 0.673828125 0.546875 0.677734375 0.546875 0.6796875 0.5364583333333334 0.6796875 0.4079861104166667 0.6875 0.4010416666666667 0.6875 0.3489583333333333 0.693359375 0.32118055624999997 0.69140625 0.26215277708333334
13 0.7470703125 0.39930555624999997 0.74609375 0.4079861104166667 0.751953125 0.421875 0.7890625 0.4947916666666667 0.791015625 0.5121527770833334 0.8046875 0.5329861104166667 0.810546875 0.5538194437499999 0.8359375 0.5989583333333334 0.8427734375 0.5972222229166667 0.84765625 0.5885416666666666 0.84765625 0.578125 0.80859375 0.50868055625 0.8056640625 0.49652777708333334 0.7958984375 0.4895833333333333 0.7470703125 0.39930555624999997
13 0.58203125 0.25868055625 0.5791015625 0.25347222291666666 0.578125 0.26909722291666666 0.595703125 0.3697916666666667 0.595703125 0.38368055624999997 0.591796875 0.39409722291666666 0.595703125 0.4045138895833333 0.595703125 0.42881944375000003 0.60546875 0.48090277708333334 0.6162109375 0.4826388895833333 0.62109375 0.4704861104166667 0.61328125 0.41840277708333334 0.607421875 0.4010416666666667 0.607421875 0.38368055624999997 0.599609375 0.3767361104166667 0.58203125 0.25868055625
13 0.529296875 0.24826388958333334 0.5205078125 0.24652777708333332 0.513671875 0.25868055625 0.517578125 0.2829861104166667 0.537109375 0.36631944375000003 0.54296875 0.3697916666666667 0.548828125 0.390625 0.548828125 0.4010416666666667 0.5625 0.45659722291666666 0.56640625 0.45659722291666666 0.56640625 0.44618055624999997 0.552734375 0.390625 0.55078125 0.35243055624999997 0.546875 0.3420138895833333 0.541015625 0.296875 0.529296875 0.24826388958333334
13 0.404296875 0.31723934375 0.4052734375 0.3293921208333333 0.4228515625 0.35022545416666667 0.4384765625 0.36411434375 0.44444552187499997 0.36044599374999997 0.4921875 0.41446156458333333 0.499079153125 0.42188467500000004 0.50039880625 0.4157877125 0.44550122812500004 0.3548180375 0.4443359375 0.3432810104166667 0.4228515625 0.31550323125 0.4111328125 0.30508656458333333 0.404296875 0.31723934375
13 0.318359375 0.3732638895833333 0.3115234375 0.3611111104166667 0.310546875 0.3697916666666667 0.333984375 0.484375 0.330078125 0.5121527770833334 0.3359375 0.5260416666666666 0.341796875 0.5885416666666666 0.35546875 0.6267361104166667 0.3623046875 0.6284722229166667 0.369140625 0.6197916666666666 0.369140625 0.5815972229166667 0.353515625 0.5295138895833333 0.349609375 0.4982638895833333 0.337890625 0.4739583333333333 0.318359375 0.3732638895833333
13 0.42578125 0.5121527770833334 0.41796875 0.4045138895833333 0.4150390625 0.3958333333333333 0.412109375 0.4079861104166667 0.423828125 0.5260416666666666 0.41796875 0.5399305562500001 0.41796875 0.5503472229166667 0.423828125 0.6267361104166667 0.427734375 0.6371527770833333 0.4384765625 0.6354166666666666 0.44140625 0.6302083333333334 0.44140625 0.6163194437499999 0.43359375 0.5538194437499999 0.435546875 0.5434027770833333 0.427734375 0.5260416666666666 0.42578125 0.5121527770833334
13 0.2887069515625 0.5956010666666667 0.2841796875 0.5763888895833333 0.28125 0.5885416666666666 0.294921875 0.6788194437499999 0.2890625 0.6927083333333334 0.2890625 0.703125 0.29296875 0.7100694437499999 0.294921875 0.7274305562500001 0.294921875 0.7690972229166667 0.298828125 0.796875 0.30859375 0.8211805562500001 0.3154296875 0.8229166666666666 0.322265625 0.8142361104166667 0.322265625 0.765625 0.30859375 0.7100694437499999 0.30859375 0.6892361104166667 0.30078125 0.6788194437499999 0.2887069515625 0.5956010666666667
13 0.52734375 0.5572916666666666 0.5205078125 0.5486111104166667 0.5234375 0.5711805562500001 0.552734375 0.6684027770833333 0.55078125 0.6927083333333334 0.55859375 0.7065972229166667 0.568359375 0.765625 0.583984375 0.8038194437499999 0.5927734375 0.8055555562500001 0.59765625 0.796875 0.595703125 0.7621527770833333 0.572265625 0.6996527770833333 0.568359375 0.6753472229166667 0.556640625 0.6614583333333334 0.52734375 0.5572916666666666
13 0.4560546875 0.5833333333333334 0.45703125 0.5954861104166667 0.484375 0.6684027770833333 0.484375 0.6892361104166667 0.494140625 0.7065972229166667 0.5 0.7413194437499999 0.5078125 0.7621527770833333 0.521484375 0.7829861104166667 0.5302734375 0.7777777770833333 0.533203125 0.7690972229166667 0.529296875 0.7413194437499999 0.505859375 0.6857638895833333 0.4951171875 0.6666666666666666 0.490234375 0.6649305562500001 0.4560546875 0.5833333333333334
13 0.49194468750000003 0.7263337541666667 0.466796875 0.6579861104166667 0.4560546875 0.6388888895833333 0.45703125 0.6510416666666666 0.48719394843749997 0.73149271875 0.484375 0.7447916666666666 0.4921875 0.7586805562500001 0.505859375 0.8107638895833333 0.51953125 0.8315972229166667 0.5244140625 0.8333333333333334 0.529296875 0.8246527770833333 0.529296875 0.8072916666666666 0.5234375 0.7864583333333334 0.5078125 0.7621527770833333 0.498046875 0.7239583333333334 0.49194468750000003 0.7263337541666667
13 0.4560546875 0.71875 0.44140625 0.6927083333333334 0.41015625 0.6197916666666666 0.4033203125 0.6111111104166667 0.40234375 0.6197916666666666 0.40625 0.6302083333333334 0.44921875 0.7239583333333334 0.451171875 0.7482638895833333 0.462890625 0.7690972229166667 0.47265625 0.8038194437499999 0.494140625 0.8420138895833333 0.5009765625 0.84375 0.5078125 0.8350694437499999 0.509765625 0.8211805562500001 0.501953125 0.7934027770833333 0.47265625 0.7447916666666666 0.4619140625 0.71875 0.4560546875 0.71875
13 0.8359375 0.6822916666666666 0.8359375 0.6753472229166667 0.8330078125 0.6701388895833333 0.8173055375 0.6913405375 0.7626953125 0.7465277770833333 0.7521289515625 0.7585214041666667 0.7381484781250001 0.7532729 0.7340133953125 0.7669190041666667 0.70762771875 0.785113825 0.6865234375 0.8020833333333334 0.673828125 0.828125 0.677734375 0.8489583333333334 0.685546875 0.8559027770833333 0.6982421875 0.8541666666666666 0.7158203125 0.8368055562500001 0.7438588015625001 0.7938613333333334 0.75626401875 0.7896625270833333 0.7556732890625 0.7669190041666667 0.8271484375 0.6944444437499999 0.8359375 0.6822916666666666