13 0.470217275 0.45636125625 0.458984375 0.453125 0.454779209375 0.4600541791666667 0.425981246875 0.4526683645833333 0.4326171875 0.46527777708333334 0.4521484375 0.47222222291666666 0.4580078125 0.4826388895833333 0.4690297265625 0.48432185625 0.4794921875 0.49652777708333334 0.4951171875 0.5 0.50390625 0.49131944375000003 0.50390625 0.4670138895833333 0.4931640625 0.4548611104166667 0.470217275 0.45636125625
13 0.5034685046875 0.5471013083333334 0.5244140625 0.5520833333333334 0.5419921875 0.5451388895833333 0.5537109375 0.5347222229166667 0.55859375 0.52256944375 0.556640625 0.5052083333333334 0.5498046875 0.49652777708333334 0.521484375 0.4982638895833333 0.4951171875 0.5138888895833333 0.4755859375 0.5138888895833333 0.4677734375 0.53125 0.3818359375 0.5451388895833333 0.3759765625 0.5486111104166667 0.373046875 0.5572916666666666 0.3759765625 0.5625 0.3837890625 0.5625 0.3994140625 0.5555555562500001 0.4717017046875 0.5434084020833333 0.4794207390625 0.55290444375 0.5034685046875 0.5471013083333334
13 0.4289619390625 0.6331153 0.399132134375 0.6282434 0.3988044796875 0.6513020854166667 0.40155689843750003 0.6548792895833333 0.4169872359375 0.6568378104166667 0.4340089921875 0.6558003062500001 0.4407966671875 0.6599826416666666 0.4447029171875 0.6530381958333333 0.5083629578125 0.6610093625 0.5099750203125 0.6552801729166667 0.4447029171875 0.6460937520833333 0.4407966671875 0.6356770854166667 0.43341522968749996 0.6378633125000001 0.4289619390625 0.6331153
13 0.47431541718750003 0.6840280291666667 0.4844095484375 0.6724217604166667 0.470703125 0.6753472229166667 0.4287109375 0.6944444437499999 0.422360334375 0.6850831500000001 0.4130859375 0.6944444437499999 0.3623046875 0.7118055562500001 0.359375 0.7170138895833333 0.359375 0.734375 0.3642578125 0.7430555562500001 0.3818359375 0.7395833333333334 0.417016421875 0.71884689375 0.4297824859375 0.71884689375 0.4315638203125 0.7051303645833333 0.47431541718750003 0.6840280291666667
13 0.5908203125 0.71875 0.611328125 0.6927083333333334 0.611328125 0.671875 0.6025390625 0.6597222229166667 0.59765625 0.6614583333333334 0.5732421875 0.6770833333333334 0.5517578125 0.7083333333333334 0.5322265625 0.7222222229166667 0.53125 0.734375 0.5224609375 0.7465277770833333 0.4755859375 0.7847222229166667 0.462890625 0.8038194437499999 0.4716796875 0.8020833333333334 0.53131753125 0.7468074854166667 0.5419921875 0.7534722229166667 0.5517578125 0.7395833333333334 0.5908203125 0.71875
13 0.621700884375 0.5684933645833333 0.6003043953125 0.5716183791666667 0.55417411875 0.5896557270833332 0.5419921875 0.5868055562500001 0.5361328125 0.59375 0.5107421875 0.5972222229166667 0.4951171875 0.6076388895833333 0.4853515625 0.6076388895833333 0.482421875 0.6163194437499999 0.4892578125 0.6354166666666666 0.5478515625 0.6111111104166667 0.5576171875 0.6006944437499999 0.6041147265625 0.5825559020833333 0.621700884375 0.5684933645833333
16 0.6767578125 0.5138888895833333 0.68103946875 0.508209625 0.6713703671875 0.5065196270833333 0.6720044093750001 0.4938445791666667 0.6805639453125 0.4938445791666667 0.6808809609375001 0.4896195625 0.6748046875 0.4826388895833333 0.66796875 0.484375 0.6630859375 0.49305555624999997 0.6435546875 0.5034722229166666 0.6064453125 0.5138888895833333 0.5888671875 0.52430555625 0.5751953125 0.52430555625 0.5703125 0.5364583333333334 0.5751953125 0.5486111104166667 0.5791015625 0.5486111104166667 0.5908203125 0.5381944437499999 0.6593236171875 0.5115896458333333 0.66392040625 0.5146879916666667 0.6767578125 0.5138888895833333
13 0.6689453125 0.33680555624999997 0.6623364921875 0.3383046833333333 0.63671875 0.27256944375000003 0.62889090625 0.26394439583333335 0.6583737453125 0.34168469791666667 0.65625 0.3489583333333333 0.658203125 0.359375 0.6640625 0.36631944375000003 0.677734375 0.41493055624999997 0.6923828125 0.44097222291666666 0.6982421875 0.44097222291666666 0.7040245875 0.43350838333333336 0.705078125 0.42534722291666666 0.697265625 0.39756944375000003 0.6796875 0.36631944375000003 0.6689453125 0.33680555624999997
13 0.6940819375 0.28540173125 0.6920213171875 0.2915984125 0.617521665625 0.23864488125 0.615659203125 0.24343322291666666 0.6865234375 0.3020833333333333 0.6923828125 0.31944444375000003 0.7080078125 0.3263888895833333 0.7353515625 0.3576388895833333 0.7568359375 0.36805555624999997 0.7626953125 0.3645833333333333 0.767578125 0.35243055624999997 0.767578125 0.3385416666666667 0.7490234375 0.31597222291666666 0.7119140625 0.2986111104166667 0.7041015625 0.28819444375000003 0.6940819375 0.28540173125
16 0.8251953125 0.5277777770833334 0.8251953125 0.5520833333333334 0.8310546875 0.5520833333333334 0.83984375 0.5329861104166667 0.83984375 0.5190972229166666 0.833984375 0.5017361104166667 0.833984375 0.4357638895833333 0.8350911078125 0.38998481458333334 0.83984375 0.28993055624999997 0.841796875 0.26909722291666666 0.84765625 0.2552083333333333 0.84765625 0.23784722291666668 0.8408203125 0.22569444375 0.830078125 0.22743055625 0.82421875 0.23784722291666668 0.82421875 0.2552083333333333 0.828125 0.265625 0.828125 0.30381944375000003 0.8203125 0.4739583333333333 0.814453125 0.5017361104166667 0.806640625 0.5190972229166666 0.806640625 0.5399305562500001 0.8095703125 0.5451388895833333 0.814453125 0.5434027770833333 0.8193359375 0.52430555625 0.8251953125 0.5277777770833334
16 0.8916015625 0.4826388895833333 0.8798828125 0.47569444375000003 0.876953125 0.4670138895833333 0.8828125 0.3767361104166667 0.88671875 0.22743055625 0.875 0.21354166666666666 0.875 0.19965277708333332 0.8720703125 0.19444444375 0.865234375 0.19618055625 0.859375 0.21006944375 0.859375 0.22048611041666666 0.87890625 0.24131944375 0.873046875 0.33506944375000003 0.869140625 0.47743055624999997 0.87890625 0.49131944375000003 0.880859375 0.5121527770833334 0.8837890625 0.5173611104166667 0.8916015625 0.5173611104166667 0.8984375 0.5052083333333334 0.8984375 0.4947916666666667 0.8916015625 0.4826388895833333
16 0.4228515625 0.9201388895833333 0.3544921875 0.84375 0.3388671875 0.8020833333333334 0.326171875 0.8003472229166667 0.333984375 0.8177083333333334 0.33203125 0.8246527770833333 0.3271484375 0.8298611104166667 0.3193359375 0.8159722229166667 0.314453125 0.8211805562500001 0.318359375 0.8385416666666666 0.3251953125 0.8506944437499999 0.3388671875 0.8506944437499999 0.3466796875 0.8576388895833333 0.4111328125 0.9340277770833333 0.431640625 0.9357638895833333 0.4228515625 0.9201388895833333
16 0.3916015625 0.15277777708333332 0.4033203125 0.15277777708333332 0.4365234375 0.17361111041666666 0.4541015625 0.19791666666666666 0.4658203125 0.19444444375 0.47265625 0.17534722291666668 0.470703125 0.15451388958333334 0.4619140625 0.14236111041666666 0.4384765625 0.14583333333333334 0.3720703125 0.11111111041666667 0.3466796875 0.10416666666666667 0.3095703125 0.08333333333333333 0.2919921875 0.05555555625 0.27734375 0.057291666666666664 0.26953125 0.06770833333333333 0.2744140625 0.07638888958333333 0.2822265625 0.07291666666666667 0.287109375 0.08159722291666666 0.2822265625 0.10069444375 0.2724609375 0.10069444375 0.26953125 0.10590277708333334 0.2783203125 0.11805555625 0.2919921875 0.12152777708333334 0.3017578125 0.11458333333333333 0.3134765625 0.11458333333333333 0.3916015625 0.15277777708333332
16 0.5150119703125 0.33434214375 0.40579500937499996 0.15843344791666666 0.3995611640625 0.15444562083333332 0.3870934734375 0.1606489229166667 0.376953125 0.14756944375 0.3709916140625 0.15769267708333334 0.379220296875 0.17807505208333335 0.403052103125 0.16818155625 0.5117703828125 0.3467487979166667 0.532047203125 0.3392122104166667 0.5383147140625 0.34711601875000003 0.544921875 0.3454861104166667 0.544921875 0.33159722291666666 0.5361328125 0.31944444375000003 0.5224609375 0.3298611104166667 0.5126953125 0.3298611104166667 0.5150119703125 0.33434214375
16 0.694699721875 0.18208847916666665 0.6923828125 0.17361111041666666 0.6689453125 0.15972222291666668 0.6376953125 0.12152777708333334 0.6142578125 0.10069444375 0.5986328125 0.07638888958333333 0.591796875 0.078125 0.587890625 0.08854166666666667 0.589822365625 0.09741105416666666 0.5962731359375 0.09999947708333333 0.6103515625 0.11458333333333333 0.6552734375 0.16319444375 0.6728515625 0.18402777708333332 0.6787109375 0.20138888958333334 0.6865234375 0.20486111041666666 0.69140625 0.19965277708333332 0.6834628578124999 0.18874433958333334 0.683879046875 0.18023962708333335 0.694699721875 0.18208847916666665
13 0.4560546875 0.3263888895833333 0.453125 0.328125 0.431640625 0.3697916666666667 0.427734375 0.38715277708333334 0.4174310859375 0.40130750416666666 0.42057122343750003 0.41246739583333336 0.373046875 0.515625 0.3740234375 0.52430555625 0.42371135937500004 0.41855461250000003 0.43359375 0.41493055624999997 0.435546875 0.4045138895833333 0.462890625 0.35243055624999997 0.4659605390625 0.3424644604166666 0.4560546875 0.3263888895833333
16 0.3359375 0.4704861104166667 0.3310546875 0.4583333333333333 0.3193359375 0.4513888895833333 0.2451171875 0.3576388895833333 0.2294921875 0.3229166666666667 0.21474923437500001 0.3221737520833334 0.22416966718750003 0.3353626645833333 0.2230278140625 0.3505806958333333 0.2113236359375 0.34702985625 0.2158203125 0.3611111104166667 0.2216796875 0.36805555624999997 0.2333984375 0.36805555624999997 0.2548828125 0.3923611104166667 0.3115234375 0.46527777708333334 0.3212890625 0.4895833333333333 0.3310546875 0.4895833333333333 0.333984375 0.484375 0.3359375 0.4704861104166667
5 0.2021484375 0.5902777770833333 0.2119140625 0.5798611104166667 0.23828125 0.5746527770833333 0.2158203125 0.6076388895833333 0.2060546875 0.6041666666666666 0.1826171875 0.6180555562500001 0.1591796875 0.6388888895833333 0.1220703125 0.6597222229166667 0.11328125 0.671875 0.11328125 0.6788194437499999 0.1201171875 0.6875 0.1279296875 0.6840277770833333 0.1845703125 0.6458333333333334 0.1982421875 0.6458333333333334 0.2158203125 0.6354166666666666 0.2275390625 0.6180555562500001 0.2548828125 0.6041666666666666 0.2646484375 0.5868055562500001 0.2744140625 0.5868055562500001 0.2861328125 0.5972222229166667 0.2978515625 0.5972222229166667 0.298828125 0.5850694437499999 0.3046875 0.578125 0.298828125 0.5538194437499999 0.2822265625 0.5277777770833334 0.26953125 0.5295138895833333 0.2587890625 0.5416666666666666 0.2333984375 0.5520833333333334 0.1943359375 0.5520833333333334 0.1787109375 0.5694444437499999 0.1005859375 0.5902777770833333 0.095703125 0.5954861104166667 0.095703125 0.609375 0.0986328125 0.6145833333333334 0.1181640625 0.6145833333333334 0.1552734375 0.6006944437499999 0.1865234375 0.5972222229166667 0.2021484375 0.5902777770833333
5 0.1376953125 0.4895833333333333 0.150390625 0.4670138895833333 0.220703125 0.3177083333333333 0.2333984375 0.28125 0.2470703125 0.2916666666666667 0.251953125 0.28993055624999997 0.236328125 0.25173611041666666 0.236328125 0.24479166666666666 0.2392578125 0.23958333333333334 0.2568359375 0.23958333333333334 0.2607421875 0.24652777708333332 0.267578125 0.24131944375 0.267578125 0.234375 0.2548828125 0.21527777708333332 0.2392578125 0.20486111041666666 0.2275390625 0.20833333333333334 0.2197265625 0.21875 0.1923828125 0.21875 0.1689453125 0.21180555625 0.064453125 0.203125 0.0576171875 0.20486111041666666 0.0546875 0.21354166666666666 0.0693359375 0.22916666666666666 0.1748046875 0.23611111041666666 0.2099609375 0.24305555625 0.212890625 0.25173611041666666 0.197265625 0.33159722291666666 0.17578125 0.3802083333333333 0.13671875 0.453125 0.126953125 0.48090277708333334 0.1279296875 0.4895833333333333 0.1376953125 0.4895833333333333
13 0.5672676 0.7685682625 0.5419921875 0.7604166666666666 0.518541934375 0.7636077083333334 0.51953125 0.7864583333333334 0.5283203125 0.7951388895833333 0.5495030390625 0.7969786666666666 0.5667600296875 0.7938219645833333 0.5725969640625 0.7969786666666666 0.5797027781249999 0.79066525625 0.6494140625 0.7986111104166667 0.65234375 0.7934027770833333 0.6494140625 0.7881944437499999 0.5810546875 0.78125 0.5751953125 0.7673611104166667 0.5672676 0.7685682625
5 0.6953125 0.9045138895833333 0.700874490625 0.9242752562500001 0.70703125 0.9114583333333334 0.705078125 0.8385416666666666 0.693359375 0.6684027770833333 0.681640625 0.6267361104166667 0.697265625 0.5746527770833333 0.6904296875 0.5625 0.6796875 0.5642361104166667 0.6611328125 0.5763888895833333 0.654296875 0.5954861104166667 0.65625 0.6371527770833333 0.65234375 0.7517361104166667 0.65234375 0.9114583333333334 0.6572265625 0.9236111104166667 0.662109375 0.9184027770833333 0.6640625 0.9079861104166667 0.6640625 0.7204861104166667 0.6689453125 0.6631944437499999 0.685546875 0.7170138895833333 0.6953125 0.9045138895833333
13 0.8115234375 0.6145833333333334 0.8203125 0.5989583333333334 0.822265625 0.5815972229166667 0.8154296875 0.5659722229166667 0.8046875 0.5642361104166667 0.7783203125 0.5868055562500001 0.7529296875 0.6319444437499999 0.7373046875 0.6458333333333334 0.7300670203124999 0.6552223333333332 0.7340828140625 0.6659262625 0.6328275765625 0.7857082020833333 0.64258023125 0.7872373291666667 0.73838544375 0.6745913416666667 0.7424012359375001 0.6852952520833333 0.7607421875 0.6597222229166667 0.7880859375 0.6423611104166667 0.8115234375 0.6145833333333334
12 0.373046875 0.36284722291666666 0.3515625 0.3420138895833333 0.3046875 0.22743055625 0.296875 0.18576388958333334 0.275390625 0.13020833333333334 0.2626953125 0.10416666666666667 0.248046875 0.09548611041666667 0.240234375 0.10590277708333334 0.240234375 0.11979166666666667 0.251953125 0.15798611041666666 0.28125 0.22048611041666666 0.298828125 0.24131944375 0.345703125 0.35243055624999997 0.345703125 0.3802083333333333 0.349609375 0.39409722291666666 0.3564453125 0.40277777708333334 0.3681640625 0.39930555624999997 0.375 0.3802083333333333 0.373046875 0.36284722291666666
12 0.7109375 0.49131944375000003 0.689453125 0.4357638895833333 0.6520375734375 0.39013568958333333 0.6482810171875 0.3954759208333333 0.6015625 0.3142361104166667 0.595703125 0.2829861104166667 0.5791015625 0.25347222291666666 0.57354395 0.24965250833333333 0.5661843421875 0.24784866666666666 0.556640625 0.265625 0.554510490625 0.2785138916666667 0.556640625 0.28993055624999997 0.5693359375 0.3125 0.5908203125 0.3263888895833333 0.640016578125 0.40949403333333334 0.638671875 0.42534722291666666 0.6708984375 0.4861111104166667 0.6982421875 0.5138888895833333 0.7080078125 0.5138888895833333 0.7109375 0.50868055625 0.7109375 0.49131944375000003
12 0.798828125 0.5052083333333334 0.80078125 0.4739583333333333 0.79296875 0.42881944375000003 0.80078125 0.32465277708333334 0.806640625 0.3142361104166667 0.8125 0.2864583333333333 0.818359375 0.22048611041666666 0.81640625 0.171875 0.8115234375 0.15972222291666668 0.802734375 0.16145833333333334 0.796875 0.171875 0.78515625 0.234375 0.783203125 0.30034722291666666 0.78840053125 0.31871000833333335 0.783203125 0.41493055624999997 0.78125 0.4357638895833333 0.765625 0.4739583333333333 0.765625 0.5121527770833334 0.7724609375 0.5277777770833334 0.7841796875 0.5277777770833334 0.7919921875 0.5208333333333334 0.798828125 0.5052083333333334
12 0.9794921875 0.18055555625 0.994140625 0.14756944375 0.9912109375 0.13541666666666666 0.9677734375 0.11805555625 0.9462890625 0.12152777708333334 0.9091796875 0.10416666666666667 0.8818359375 0.08680555625 0.8759765625 0.07291666666666667 0.8271484375 0.03819444375 0.8134765625 0.03125 0.798828125 0.032986110416666665 0.7890625 0.05034722291666667 0.7890625 0.06423611041666667 0.7958984375 0.07638888958333333 0.8115234375 0.09027777708333334 0.8642578125 0.11805555625 0.8779296875 0.11111111041666667 0.8988629250000001 0.12170401875 0.9326171875 0.13541666666666666 0.9423828125 0.14583333333333334 0.9541015625 0.17361111041666666 0.9619140625 0.18055555625 0.9794921875 0.18055555625
16 0.7619193125 0.29340277708333334 0.7306693125 0.14409722291666668 0.7306693125 0.109375 0.7263022828125 0.10400902916666667 0.7246550046875 0.12038753125 0.718279659375 0.12111617708333333 0.7158728796875 0.10365262083333333 0.7114604265625 0.11363181875 0.7111380625 0.1267361104166667 0.7228568125 0.15104166666666666 0.7502005625 0.2829861104166667 0.7521536875 0.3142361104166667 0.76094275 0.31944444375000003 0.7658255625 0.3107638895833333 0.7658255625 0.30034722291666666 0.7619193125 0.29340277708333334
13 0.7350713296875 0.5512837854166667 0.7490012046875 0.5465360458333334 0.7647532859374999 0.5451877645833334 0.765625 0.5260416666666666 0.7607421875 0.5173611104166667 0.7578125 0.5190972229166666 0.7314453125 0.52430555625 0.7119140625 0.5347222229166667 0.6962890625 0.5347222229166667 0.6893092375000001 0.54518694375 0.6357623828125 0.5557887562499999 0.6184603531249999 0.5637401166666667 0.619140625 0.5677083333333334 0.6435184890625 0.5682458895833334 0.688861765625 0.5581741583333333 0.69363475 0.5618847770833334 0.7065826234375 0.5587050729166666 0.7350713296875 0.5512837854166667
13 0.6240234375 0.4375 0.62890625 0.42534722291666666 0.626953125 0.4114583333333333 0.6181640625 0.40277777708333334 0.591796875 0.4045138895833333 0.5634765625 0.4166666666666667 0.5537109375 0.41319444375000003 0.5480016187500001 0.42781935 0.4775390625 0.43402777708333334 0.470703125 0.4427083333333333 0.4736328125 0.4479166666666667 0.5478515625 0.44444444375000003 0.5537109375 0.4513888895833333 0.561261859375 0.45056991041666666 0.564310190625 0.44461144166666666 0.6080537671874999 0.4456948 0.6240234375 0.4375
13 0.3369140625 0.19097222291666668 0.328125 0.19270833333333334 0.322265625 0.203125 0.328125 0.24131944375 0.3543249703125 0.29819227291666667 0.35546875 0.3177083333333333 0.3671875 0.32465277708333334 0.40639735468750005 0.44462047499999996 0.41042356875 0.43698905416666667 0.37096665 0.31727086875 0.3760665265625 0.30439281458333334 0.3671875 0.2864583333333333 0.349609375 0.21354166666666666 0.3369140625 0.19097222291666668
0 0.1719250765625 0.29606531458333335 0.162070465625 0.313576675 0.15620463125 0.3064887416666667 0.1640625 0.28993055624999997 0.1658245953125 0.27897090208333336 0.154296875 0.2795138895833333 0.1337890625 0.2916666666666667 0.1220703125 0.3298611104166667 0.0361328125 0.41319444375000003 0.03125 0.421875 0.03125 0.4392361104166667 0.0380859375 0.4513888895833333 0.0458984375 0.4513888895833333 0.1337890625 0.3541666666666667 0.1689453125 0.34722222291666666 0.17578125 0.33506944375000003 0.177734375 0.30034722291666666 0.1719250765625 0.29606531458333335
0 0.262884140625 0.7222222229166667 0.284368515625 0.71875 0.307806015625 0.7291666666666666 0.313665390625 0.7083333333333334 0.329290390625 0.6979166666666666 0.338079453125 0.6822916666666666 0.331243515625 0.6736111104166667 0.31307064218749997 0.6744466854166667 0.31377455 0.6619385729166667 0.335149765625 0.6631944437499999 0.338079453125 0.6545138895833333 0.321477890625 0.6319444437499999 0.3056063 0.6276897041666667 0.28635552343750004 0.6613548083333334 0.270696640625 0.6805555562500001 0.21405601562499998 0.7013888895833333 0.165227890625 0.7326388895833333 0.151556015625 0.7361111104166667 0.144720078125 0.7482638895833333 0.142766953125 0.765625 0.153509140625 0.7847222229166667 0.165227890625 0.7847222229166667 0.196477890625 0.7638888895833333 0.2100014703125 0.7568001541666667 0.262884140625 0.7222222229166667
13 0.5419921875 0.1875 0.5341796875 0.17708333333333334 0.5256784531250001 0.18631746458333334 0.47004147031250004 0.15167233541666666 0.4736328125 0.16666666666666666 0.5233008046875 0.1989925125 0.5263671875 0.21180555625 0.5362986234375 0.2125125625 0.5517578125 0.22569444375 0.5712890625 0.24652777708333332 0.5947265625 0.25 0.599609375 0.24131944375 0.6015625 0.22743055625 0.5908203125 0.20833333333333334 0.5791015625 0.19791666666666666 0.5419921875 0.1875
0 0.5029296875 0.07638888958333333 0.4072265625 0.03819444375 0.3916015625 0.027777777083333333 0.3828125 0.029513889583333335 0.376953125 0.04340277708333333 0.376953125 0.057291666666666664 0.3837890625 0.07291666666666667 0.5146484375 0.11805555625 0.5478515625 0.16666666666666666 0.5654296875 0.15625 0.576171875 0.1267361104166667 0.5693359375 0.10763888958333333 0.55078125 0.09201388958333333 0.5458984375 0.0625 0.5283203125 0.07638888958333333 0.5029296875 0.07638888958333333
0 1 0.6440972229166667 0.9990234375 0.6076388895833333 0.8896484375 0.6180555562500001 0.875 0.6024305562500001 0.8740234375 0.5868055562500001 0.869140625 0.5885416666666666 0.8486328125 0.5902777770833333 0.8359375 0.6059027770833333 0.8408203125 0.6145833333333334 0.8515625 0.6197916666666666 0.8515625 0.6336805562500001 0.8466796875 0.6493055562500001 0.830078125 0.6475694437499999 0.833984375 0.6649305562500001 0.8486328125 0.6840277770833333 0.8603515625 0.6805555562500001 0.8837890625 0.6493055562500001 1 0.6440972229166667
0 0.9443359375 0.5416666666666666 0.962890625 0.5121527770833334 0.958984375 0.5017361104166667 0.9609375 0.4635416666666667 0.9814453125 0.4236111104166667 1 0.39756944375000003 0.998046875 0.328125 0.9384765625 0.4479166666666667 0.9111328125 0.46527777708333334 0.900390625 0.47743055624999997 0.8984375 0.5190972229166666 0.9033203125 0.5347222229166667 0.9091796875 0.5347222229166667 0.916015625 0.50868055625 0.9208984375 0.5034722229166666 0.931640625 0.515625 0.927734375 0.5503472229166667 0.9326171875 0.5520833333333334 0.9443359375 0.5416666666666666
7 0.3362976109375 0.43188786041666666 0.35508040625000004 0.41905075 0.3334079703125 0.34266994166666664 0.305956221875 0.2881122291666667 0.30198291875 0.2938888895833333 0.314986403125 0.36064191458333333 0.116683596875 0.5377940083333334 0.12210170625000001 0.56282636875 0.12896462343749998 0.56988678125 0.3225717515625 0.3869579791666667 0.3362976109375 0.43188786041666666
7 0.3152706890625 0.5536615520833333 0.3261069359375 0.5607219645833333 0.41062944687499997 0.41181149375000003 0.48684417812499997 0.2789474125 0.506349378125 0.30975646875 0.5204364671875 0.28729152708333333 0.4864829765625 0.22118042083333334 0.45686396250000005 0.18395278541666665 0.45180708281250004 0.18972949374999998 0.47347952031249996 0.24685463958333334 0.4409708640625 0.3129657458333333 0.3878733765625 0.39897438541666663 0.3047957 0.5324803145833333 0.3152706890625 0.5536615520833333
13 0.5319347078125001 0.28597636875 0.4884876359375 0.21558425 0.48806169062500004 0.22050412500000002 0.5295919609374999 0.29619456666666666 0.52852708125 0.31133265625 0.5472689609375 0.33820277083333333 0.5600475109375 0.36923584791666664 0.57729855 0.3855092958333334 0.5855115390625001 0.37629151875000005 0.5855115390625001 0.36240262916666666 0.5736779671875001 0.33176908125 0.56047345625 0.31890169999999995 0.54939871875 0.30224981041666665 0.5396131015625001 0.28774985208333337 0.5319347078125001 0.28597636875
16 0.40625 0.7482638895833333 0.4031007296875 0.73825416875 0.3984626890625 0.7344276854166666 0.392578125 0.7170138895833333 0.361328125 0.5885416666666666 0.357421875 0.5538194437499999 0.3525390625 0.5486111104166667 0.345703125 0.5503472229166667 0.341796875 0.5538194437499999 0.33984375 0.5642361104166667 0.353515625 0.5989583333333334 0.3828125 0.7204861104166667 0.38554245625 0.74266934375 0.384765625 0.765625 0.39067742031249997 0.7741642604166666 0.39134 0.7538544541666667 0.399290909375 0.7544431458333333 0.40243814999999994 0.7712208104166667 0.40625 0.765625 0.40625 0.7482638895833333