13 0.3063031234375 0.44066275208333333 0.3154296875 0.44444444375000003 0.318359375 0.4392361104166667 0.3179160546875 0.4242478395833333 0.2763671875 0.37847222291666666 0.2685546875 0.3645833333333333 0.2529296875 0.3576388895833333 0.208984375 0.3072916666666667 0.1938686609375 0.29621152083333335 0.201171875 0.3107638895833333 0.2451171875 0.3611111104166667 0.2568359375 0.3854166666666667 0.2705078125 0.3958333333333333 0.2822265625 0.4166666666666667 0.3063031234375 0.44066275208333333
13 0.3916015625 0.46527777708333334 0.392578125 0.45659722291666666 0.384765625 0.42534722291666666 0.38671875 0.4045138895833333 0.37890625 0.3767361104166667 0.37890625 0.359375 0.369140625 0.33159722291666666 0.3564453125 0.3333333333333333 0.3515625 0.3420138895833333 0.3515625 0.359375 0.3671875 0.39756944375000003 0.369140625 0.4114583333333333 0.37890625 0.42534722291666666 0.3916015625 0.46527777708333334
13 0.1298828125 0.6284722229166667 0.1396484375 0.625 0.14453125 0.6336805562500001 0.197265625 0.765625 0.2041015625 0.7777777770833333 0.2080078125 0.7777777770833333 0.2109375 0.7725694437499999 0.205078125 0.7552083333333334 0.1484375 0.6267361104166667 0.146484375 0.6197916666666666 0.150390625 0.6024305562500001 0.1328125 0.5677083333333334 0.123046875 0.5260416666666666 0.095703125 0.47743055624999997 0.0869140625 0.47569444375000003 0.078125 0.484375 0.07421875 0.4982638895833333 0.078125 0.5190972229166666 0.091796875 0.5538194437499999 0.11328125 0.5850694437499999 0.1298828125 0.6284722229166667
13 0.30859375 0.7378472229166667 0.3173828125 0.75 0.3232421875 0.75 0.330078125 0.7413194437499999 0.3359375 0.7100694437499999 0.3359375 0.6753472229166667 0.330078125 0.6302083333333334 0.333984375 0.6024305562500001 0.32421875 0.5920138895833333 0.328125 0.48090277708333334 0.326171875 0.453125 0.322265625 0.453125 0.3203125 0.4635416666666667 0.3203125 0.5920138895833333 0.3125 0.5989583333333334 0.3125 0.6510416666666666 0.306640625 0.6788194437499999 0.30859375 0.7378472229166667
13 0.2529296875 0.6006944437499999 0.25390625 0.5920138895833333 0.248046875 0.578125 0.2109375 0.5052083333333334 0.208984375 0.48784722291666666 0.1953125 0.4670138895833333 0.189453125 0.44618055624999997 0.1640625 0.4010416666666667 0.1572265625 0.40277777708333334 0.15234375 0.4114583333333333 0.15234375 0.421875 0.19140625 0.49131944375000003 0.1943359375 0.5034722229166666 0.2041015625 0.5104166666666666 0.2529296875 0.6006944437499999
13 0.41796875 0.7413194437499999 0.4208984375 0.7465277770833333 0.421875 0.7309027770833333 0.404296875 0.6302083333333334 0.404296875 0.6163194437499999 0.408203125 0.6059027770833333 0.404296875 0.5954861104166667 0.404296875 0.5711805562500001 0.39453125 0.5190972229166666 0.3837890625 0.5173611104166667 0.37890625 0.5295138895833333 0.38671875 0.5815972229166667 0.392578125 0.5989583333333334 0.392578125 0.6163194437499999 0.400390625 0.6232638895833333 0.41796875 0.7413194437499999
13 0.470703125 0.7517361104166667 0.4794921875 0.7534722229166667 0.486328125 0.7413194437499999 0.482421875 0.7170138895833333 0.462890625 0.6336805562500001 0.45703125 0.6302083333333334 0.451171875 0.609375 0.451171875 0.5989583333333334 0.4375 0.5434027770833333 0.43359375 0.5434027770833333 0.43359375 0.5538194437499999 0.447265625 0.609375 0.44921875 0.6475694437499999 0.453125 0.6579861104166667 0.458984375 0.703125 0.470703125 0.7517361104166667
13 0.595703125 0.68276065625 0.5947265625 0.6706078791666666 0.5771484375 0.6497745458333333 0.5615234375 0.63588565625 0.555554478125 0.63955400625 0.5078125 0.5855384354166666 0.5009208468749999 0.5781153250000001 0.49960119374999995 0.5842122875 0.554498771875 0.6451819625 0.5556640625 0.6567189895833334 0.5771484375 0.68449676875 0.5888671875 0.6949134354166666 0.595703125 0.68276065625
13 0.681640625 0.6267361104166667 0.6884765625 0.6388888895833333 0.689453125 0.6302083333333334 0.666015625 0.515625 0.669921875 0.48784722291666666 0.6640625 0.4739583333333333 0.658203125 0.4114583333333333 0.64453125 0.3732638895833333 0.6376953125 0.37152777708333334 0.630859375 0.3802083333333333 0.630859375 0.41840277708333334 0.646484375 0.4704861104166667 0.650390625 0.5017361104166667 0.662109375 0.5260416666666666 0.681640625 0.6267361104166667
13 0.57421875 0.48784722291666666 0.58203125 0.5954861104166667 0.5849609375 0.6041666666666666 0.587890625 0.5920138895833333 0.576171875 0.4739583333333333 0.58203125 0.46006944375000003 0.58203125 0.44965277708333334 0.576171875 0.3732638895833333 0.572265625 0.36284722291666666 0.5615234375 0.3645833333333333 0.55859375 0.3697916666666667 0.55859375 0.38368055624999997 0.56640625 0.44618055624999997 0.564453125 0.45659722291666666 0.572265625 0.4739583333333333 0.57421875 0.48784722291666666
13 0.7112930484375 0.4043989333333334 0.7158203125 0.4236111104166667 0.71875 0.4114583333333333 0.705078125 0.32118055624999997 0.7109375 0.3072916666666667 0.7109375 0.296875 0.70703125 0.28993055624999997 0.705078125 0.27256944375000003 0.705078125 0.23090277708333332 0.701171875 0.203125 0.69140625 0.17881944375 0.6845703125 0.17708333333333334 0.677734375 0.18576388958333334 0.677734375 0.234375 0.69140625 0.28993055624999997 0.69140625 0.3107638895833333 0.69921875 0.32118055624999997 0.7112930484375 0.4043989333333334
13 0.47265625 0.4427083333333333 0.4794921875 0.4513888895833333 0.4765625 0.42881944375000003 0.447265625 0.33159722291666666 0.44921875 0.3072916666666667 0.44140625 0.29340277708333334 0.431640625 0.234375 0.416015625 0.19618055625 0.4072265625 0.19444444375 0.40234375 0.203125 0.404296875 0.23784722291666668 0.427734375 0.30034722291666666 0.431640625 0.32465277708333334 0.443359375 0.3385416666666667 0.47265625 0.4427083333333333
13 0.5439453125 0.4166666666666667 0.54296875 0.4045138895833333 0.515625 0.33159722291666666 0.515625 0.3107638895833333 0.505859375 0.29340277708333334 0.5 0.25868055625 0.4921875 0.23784722291666668 0.478515625 0.21701388958333334 0.4697265625 0.22222222291666668 0.466796875 0.23090277708333332 0.470703125 0.25868055625 0.494140625 0.3142361104166667 0.5048828125 0.3333333333333333 0.509765625 0.33506944375000003 0.5439453125 0.4166666666666667
13 0.5080553125 0.2736662458333334 0.533203125 0.3420138895833333 0.5439453125 0.3611111104166667 0.54296875 0.3489583333333333 0.5128060515625 0.26850728125 0.515625 0.2552083333333333 0.5078125 0.24131944375 0.494140625 0.18923611041666666 0.48046875 0.16840277708333332 0.4755859375 0.16666666666666666 0.470703125 0.17534722291666668 0.470703125 0.19270833333333334 0.4765625 0.21354166666666666 0.4921875 0.23784722291666668 0.501953125 0.2760416666666667 0.5080553125 0.2736662458333334
13 0.5439453125 0.28125 0.55859375 0.3072916666666667 0.58984375 0.3802083333333333 0.5966796875 0.3888888895833333 0.59765625 0.3802083333333333 0.59375 0.3697916666666667 0.55078125 0.2760416666666667 0.548828125 0.25173611041666666 0.537109375 0.23090277708333332 0.52734375 0.19618055625 0.505859375 0.15798611041666666 0.4990234375 0.15625 0.4921875 0.16493055625 0.490234375 0.17881944375 0.498046875 0.20659722291666668 0.52734375 0.2552083333333333 0.5380859375 0.28125 0.5439453125 0.28125
13 0.1640625 0.3177083333333333 0.1640625 0.32465277708333334 0.1669921875 0.3298611104166667 0.18269446250000002 0.3086594625 0.2373046875 0.25347222291666666 0.24787104843750002 0.24147859583333334 0.261851521875 0.2467271 0.2659866046875 0.23308099583333333 0.29237228125 0.214886175 0.3134765625 0.19791666666666666 0.326171875 0.171875 0.322265625 0.15104166666666666 0.314453125 0.14409722291666668 0.3017578125 0.14583333333333334 0.2841796875 0.16319444375 0.2561411984375 0.20613866666666666 0.24373598125 0.21033747291666666 0.24432671093749997 0.23308099583333333 0.1728515625 0.30555555624999997 0.1640625 0.3177083333333333