13 0.365234375 0.2829861104166667 0.357421875 0.22743055625 0.3408203125 0.1875 0.33203125 0.18923611041666666 0.326171875 0.19965277708333332 0.330078125 0.234375 0.3515625 0.29340277708333334 0.3562130234375 0.32130627500000003 0.3648227234375 0.32183386666666663 0.396484375 0.44618055624999997 0.4013671875 0.4513888895833333 0.404296875 0.44618055624999997 0.40234375 0.4357638895833333 0.3710573265625 0.31919607499999997 0.3755106171875 0.30389689375 0.365234375 0.2829861104166667
13 0.4580078125 0.3229166666666667 0.44921875 0.3177083333333333 0.44140625 0.33159722291666666 0.42578125 0.38715277708333334 0.419921875 0.39409722291666666 0.4203404078125 0.4109912416666667 0.3828125 0.52256944375 0.3837890625 0.53125 0.4239030546875 0.41784949791666665 0.43359375 0.4114583333333333 0.4375 0.39409722291666666 0.45703125 0.3489583333333333 0.4609375 0.33159722291666666 0.4580078125 0.3229166666666667
13 0.470217275 0.45636125625 0.458984375 0.453125 0.454779209375 0.4600541791666667 0.425981246875 0.4526683645833333 0.4326171875 0.46527777708333334 0.4521484375 0.47222222291666666 0.4580078125 0.4826388895833333 0.4690297265625 0.48432185625 0.4794921875 0.49652777708333334 0.4951171875 0.5 0.50390625 0.49131944375000003 0.50390625 0.4670138895833333 0.4931640625 0.4548611104166667 0.470217275 0.45636125625
13 0.5034685046875 0.5471013083333334 0.5244140625 0.5520833333333334 0.5419921875 0.5451388895833333 0.5537109375 0.5347222229166667 0.55859375 0.52256944375 0.556640625 0.5052083333333334 0.5498046875 0.49652777708333334 0.521484375 0.4982638895833333 0.4951171875 0.5138888895833333 0.4755859375 0.5138888895833333 0.4677734375 0.53125 0.3818359375 0.5451388895833333 0.3759765625 0.5486111104166667 0.373046875 0.5572916666666666 0.3759765625 0.5625 0.3837890625 0.5625 0.3994140625 0.5555555562500001 0.4717017046875 0.5434084020833333 0.4794207390625 0.55290444375 0.5034685046875 0.5471013083333334
13 0.428594959375 0.63285488125 0.400390625 0.6336805562500001 0.3984375 0.6510416666666666 0.4013671875 0.65625 0.4169921875 0.6597222229166667 0.4336420140625 0.6555398875 0.4404296875 0.6597222229166667 0.4443359375 0.6527777770833333 0.5084573140625 0.6587052291666667 0.5090510765625 0.6513194250000001 0.4443359375 0.6458333333333334 0.4404296875 0.6354166666666666 0.43304824999999997 0.63760289375 0.428594959375 0.63285488125
13 0.47431541718750003 0.6840280291666667 0.4844095484375 0.6724217604166667 0.470703125 0.6753472229166667 0.4287109375 0.6944444437499999 0.422360334375 0.6850831500000001 0.4130859375 0.6944444437499999 0.3623046875 0.7118055562500001 0.359375 0.7170138895833333 0.359375 0.734375 0.3642578125 0.7430555562500001 0.3818359375 0.7395833333333334 0.417016421875 0.71884689375 0.4297824859375 0.71884689375 0.4315638203125 0.7051303645833333 0.47431541718750003 0.6840280291666667
13 0.5908203125 0.71875 0.611328125 0.6927083333333334 0.611328125 0.671875 0.6025390625 0.6597222229166667 0.59765625 0.6614583333333334 0.5732421875 0.6770833333333334 0.5517578125 0.7083333333333334 0.5322265625 0.7222222229166667 0.53125 0.734375 0.5224609375 0.7465277770833333 0.4755859375 0.7847222229166667 0.462890625 0.8038194437499999 0.4716796875 0.8020833333333334 0.53131753125 0.7468074854166667 0.5419921875 0.7534722229166667 0.5517578125 0.7395833333333334 0.5908203125 0.71875
13 0.5509218890625001 0.7646448416666666 0.51953125 0.765625 0.515625 0.7690972229166667 0.515625 0.7899305562500001 0.5224609375 0.7986111104166667 0.5712890625 0.7951388895833333 0.5771484375 0.7881944437499999 0.6257371671875 0.7836369249999999 0.6484375 0.7829861104166667 0.6512693640625 0.7751960083333334 0.5771484375 0.7777777770833333 0.5693359375 0.7638888895833333 0.56517240625 0.7683377541666666 0.5509218890625001 0.7646448416666666
13 0.7490234375 0.6354166666666666 0.7841796875 0.6041666666666666 0.7958984375 0.5868055562500001 0.806640625 0.5642361104166667 0.806640625 0.5503472229166667 0.7978515625 0.5347222229166667 0.78515625 0.5364583333333334 0.7646484375 0.5590277770833333 0.7373046875 0.6111111104166667 0.7236328125 0.625 0.71875 0.6336805562500001 0.720703125 0.6440972229166667 0.7080078125 0.6666666666666666 0.6337890625 0.7638888895833333 0.630859375 0.7760416666666666 0.6416015625 0.7743055562500001 0.7236328125 0.65625 0.7353515625 0.6597222229166667 0.7490234375 0.6354166666666666
13 0.7509765625 0.5034722229166666 0.7578125 0.4947916666666667 0.7578125 0.48090277708333334 0.7529296875 0.47222222291666666 0.75 0.4739583333333333 0.7177734375 0.49305555624999997 0.7001953125 0.5104166666666666 0.6923828125 0.5104166666666666 0.6787109375 0.5277777770833334 0.6357421875 0.5520833333333334 0.6201171875 0.5659722229166667 0.6171875 0.5746527770833333 0.6826171875 0.5381944437499999 0.6962890625 0.5381944437499999 0.7060546875 0.5277777770833334 0.7138671875 0.5277777770833334 0.7509765625 0.5034722229166666
13 0.619140625 0.5746527770833333 0.599609375 0.5746527770833333 0.5673828125 0.5868055562500001 0.5419921875 0.5868055562500001 0.5361328125 0.59375 0.5107421875 0.5972222229166667 0.4951171875 0.6076388895833333 0.4853515625 0.6076388895833333 0.482421875 0.6163194437499999 0.4892578125 0.6354166666666666 0.5478515625 0.6111111104166667 0.5576171875 0.6006944437499999 0.6044921875 0.5868055562500001 0.619140625 0.5746527770833333
13 0.626953125 0.42881944375000003 0.62890625 0.41493055624999997 0.6240234375 0.39930555624999997 0.6015625 0.39756944375000003 0.5842523359375 0.40752044375 0.5615234375 0.4166666666666667 0.5556640625 0.41319444375000003 0.547141578125 0.4302054708333333 0.4736328125 0.44444444375000003 0.470703125 0.453125 0.5361328125 0.44444444375000003 0.547141578125 0.4412841979166667 0.5537109375 0.4513888895833333 0.564064075 0.44339442916666666 0.6130502734375 0.4397015270833334 0.626953125 0.42881944375000003
16 0.6767578125 0.5138888895833333 0.68103946875 0.508209625 0.6713703671875 0.5065196270833333 0.6720044093750001 0.4938445791666667 0.6805639453125 0.4938445791666667 0.6808809609375001 0.4896195625 0.6748046875 0.4826388895833333 0.66796875 0.484375 0.6630859375 0.49305555624999997 0.6435546875 0.5034722229166666 0.6064453125 0.5138888895833333 0.5888671875 0.52430555625 0.5751953125 0.52430555625 0.5703125 0.5364583333333334 0.5751953125 0.5486111104166667 0.5791015625 0.5486111104166667 0.5908203125 0.5381944437499999 0.6593236171875 0.5115896458333333 0.66392040625 0.5146879916666667 0.6767578125 0.5138888895833333
16 0.7734375 0.3072916666666667 0.7734375 0.29340277708333334 0.767578125 0.2829861104166667 0.732421875 0.14756944375 0.73046875 0.13368055625 0.732421875 0.11284722291666666 0.7256296203125 0.10227958125 0.7254711125 0.12030632083333333 0.7183381671875 0.12396798958333334 0.7148509546875 0.10509625833333333 0.7118392640625 0.11495462916666667 0.7109375 0.1267361104166667 0.72265625 0.14756944375 0.732421875 0.18229166666666666 0.755859375 0.2795138895833333 0.7578125 0.3072916666666667 0.7626953125 0.31597222291666666 0.7685546875 0.31597222291666666 0.7734375 0.3072916666666667
13 0.5813717140625 0.16319444375 0.5462154640625 0.16319444375 0.53194715625 0.15512472291666668 0.525131225 0.16329309166666667 0.4807484546875 0.14667469166666666 0.464897465625 0.14667469166666666 0.47805379062500003 0.15794139999999998 0.5243386765625 0.17455980208333333 0.5292524921874999 0.18948818958333333 0.5395556359375 0.189206525 0.56284830625 0.20530518333333334 0.5672948671875 0.20779659166666667 0.573468465625 0.21178353958333332 0.5975702546874999 0.21286661041666666 0.6038326515625 0.19965277708333332 0.60391065 0.1877981875 0.5989498390625 0.17708333333333334 0.5813717140625 0.16319444375
13 0.6689453125 0.33680555624999997 0.6623364921875 0.3383046833333333 0.63671875 0.27256944375000003 0.62889090625 0.26394439583333335 0.6583737453125 0.34168469791666667 0.65625 0.3489583333333333 0.658203125 0.359375 0.6640625 0.36631944375000003 0.677734375 0.41493055624999997 0.6923828125 0.44097222291666666 0.6982421875 0.44097222291666666 0.7040245875 0.43350838333333336 0.705078125 0.42534722291666666 0.697265625 0.39756944375000003 0.6796875 0.36631944375000003 0.6689453125 0.33680555624999997
13 0.6940819375 0.28540173125 0.6920213171875 0.2915984125 0.617521665625 0.23864488125 0.615659203125 0.24343322291666666 0.6865234375 0.3020833333333333 0.6923828125 0.31944444375000003 0.7080078125 0.3263888895833333 0.7353515625 0.3576388895833333 0.7568359375 0.36805555624999997 0.7626953125 0.3645833333333333 0.767578125 0.35243055624999997 0.767578125 0.3385416666666667 0.7490234375 0.31597222291666666 0.7119140625 0.2986111104166667 0.7041015625 0.28819444375000003 0.6940819375 0.28540173125
16 0.8251953125 0.5277777770833334 0.8251953125 0.5520833333333334 0.8310546875 0.5520833333333334 0.83984375 0.5329861104166667 0.83984375 0.5190972229166666 0.833984375 0.5017361104166667 0.833984375 0.4357638895833333 0.837890625 0.390625 0.83984375 0.28993055624999997 0.841796875 0.26909722291666666 0.84765625 0.2552083333333333 0.84765625 0.23784722291666668 0.8408203125 0.22569444375 0.830078125 0.22743055625 0.82421875 0.23784722291666668 0.82421875 0.2552083333333333 0.828125 0.265625 0.828125 0.30381944375000003 0.8203125 0.4739583333333333 0.814453125 0.5017361104166667 0.806640625 0.5190972229166666 0.806640625 0.5399305562500001 0.8095703125 0.5451388895833333 0.814453125 0.5434027770833333 0.8193359375 0.52430555625 0.8251953125 0.5277777770833334
16 0.8916015625 0.4826388895833333 0.8798828125 0.47569444375000003 0.876953125 0.4670138895833333 0.8828125 0.3767361104166667 0.88671875 0.22743055625 0.875 0.21354166666666666 0.875 0.19965277708333332 0.8720703125 0.19444444375 0.865234375 0.19618055625 0.859375 0.21006944375 0.859375 0.22048611041666666 0.87890625 0.24131944375 0.873046875 0.33506944375000003 0.869140625 0.47743055624999997 0.87890625 0.49131944375000003 0.880859375 0.5121527770833334 0.8837890625 0.5173611104166667 0.8916015625 0.5173611104166667 0.8984375 0.5052083333333334 0.8984375 0.4947916666666667 0.8916015625 0.4826388895833333
13 0.530595115625 0.2883208708333333 0.4769801734375 0.24342816875 0.4761380453125 0.24766803541666665 0.529331934375 0.29655119583333334 0.5304138 0.3125 0.54994505 0.3263888895833333 0.571429425 0.3541666666666667 0.587054425 0.3611111104166667 0.5958434875 0.3489583333333333 0.5958434875 0.33506944375000003 0.575335675 0.30902777708333334 0.551898175 0.2986111104166667 0.540179425 0.28472222291666666 0.530595115625 0.2883208708333333
16 0.4228515625 0.9201388895833333 0.3544921875 0.84375 0.3388671875 0.8020833333333334 0.326171875 0.8003472229166667 0.333984375 0.8177083333333334 0.33203125 0.8246527770833333 0.3271484375 0.8298611104166667 0.3193359375 0.8159722229166667 0.314453125 0.8211805562500001 0.318359375 0.8385416666666666 0.3251953125 0.8506944437499999 0.3388671875 0.8506944437499999 0.3466796875 0.8576388895833333 0.4111328125 0.9340277770833333 0.431640625 0.9357638895833333 0.4228515625 0.9201388895833333
16 0.3916015625 0.15277777708333332 0.4033203125 0.15277777708333332 0.4365234375 0.17361111041666666 0.4541015625 0.19791666666666666 0.4658203125 0.19444444375 0.47265625 0.17534722291666668 0.470703125 0.15451388958333334 0.4619140625 0.14236111041666666 0.4384765625 0.14583333333333334 0.3720703125 0.11111111041666667 0.3466796875 0.10416666666666667 0.3095703125 0.08333333333333333 0.2919921875 0.05555555625 0.27734375 0.057291666666666664 0.26953125 0.06770833333333333 0.2744140625 0.07638888958333333 0.2822265625 0.07291666666666667 0.287109375 0.08159722291666666 0.2822265625 0.10069444375 0.2724609375 0.10069444375 0.26953125 0.10590277708333334 0.2783203125 0.11805555625 0.2919921875 0.12152777708333334 0.3017578125 0.11458333333333333 0.3134765625 0.11458333333333333 0.3916015625 0.15277777708333332
16 0.330078125 0.46006944375000003 0.3251953125 0.4513888895833333 0.3076171875 0.4375 0.2431640625 0.35069444375000003 0.2275390625 0.31597222291666666 0.212890625 0.3142361104166667 0.212890625 0.32118055624999997 0.2211823484375 0.324363225 0.220358096875 0.34106048958333335 0.2066755046875 0.33608060208333335 0.2138671875 0.3541666666666667 0.2314453125 0.3611111104166667 0.2412109375 0.37152777708333334 0.3037109375 0.4548611104166667 0.3173828125 0.4861111104166667 0.3251953125 0.4861111104166667 0.330078125 0.47743055624999997 0.330078125 0.46006944375000003
16 0.5126953125 0.3298611104166667 0.4072265625 0.15277777708333332 0.376953125 0.14756944375 0.376953125 0.16145833333333334 0.3857421875 0.17361111041666666 0.4052734375 0.16319444375 0.4293408703125 0.20233244166666667 0.5144577375 0.3442419125 0.532047203125 0.3392122104166667 0.5383147140625 0.34711601875000003 0.544921875 0.3454861104166667 0.544921875 0.33159722291666666 0.5361328125 0.31944444375000003 0.5224609375 0.3298611104166667 0.5126953125 0.3298611104166667
16 0.694699721875 0.18208847916666665 0.6923828125 0.17361111041666666 0.6689453125 0.15972222291666668 0.6376953125 0.12152777708333334 0.6142578125 0.10069444375 0.5986328125 0.07638888958333333 0.591796875 0.078125 0.587890625 0.08854166666666667 0.589822365625 0.09741105416666666 0.5962731359375 0.09999947708333333 0.6103515625 0.11458333333333333 0.6552734375 0.16319444375 0.6728515625 0.18402777708333332 0.6787109375 0.20138888958333334 0.6865234375 0.20486111041666666 0.69140625 0.19965277708333332 0.6834628578124999 0.18874433958333334 0.683879046875 0.18023962708333335 0.694699721875 0.18208847916666665
16 0.39453125 0.7274305562500001 0.37109375 0.6545138895833333 0.3515625 0.5850694437499999 0.349609375 0.5642361104166667 0.3427734375 0.5555555562500001 0.33984375 0.5572916666666666 0.333984375 0.5642361104166667 0.33203125 0.578125 0.34375 0.5989583333333334 0.365234375 0.6684027770833333 0.384765625 0.7413194437499999 0.384765625 0.765625 0.3916015625 0.7777777770833333 0.3974609375 0.7638888895833333 0.4052734375 0.7708333333333334 0.408203125 0.7586805562500001 0.40625 0.7482638895833333 0.39453125 0.7274305562500001