13 0.2685546875 0.6354166666666666 0.2763671875 0.6215277770833333 0.3179160546875 0.5757521604166667 0.318359375 0.5607638895833333 0.3154296875 0.5555555562500001 0.3063031234375 0.5593372479166666 0.2822265625 0.5833333333333334 0.2705078125 0.6041666666666666 0.2568359375 0.6145833333333334 0.2451171875 0.6388888895833333 0.201171875 0.6892361104166667 0.1938686609375 0.7037884791666666 0.208984375 0.6927083333333334 0.2529296875 0.6423611104166667 0.2685546875 0.6354166666666666
13 0.37890625 0.6232638895833333 0.38671875 0.5954861104166667 0.384765625 0.5746527770833333 0.392578125 0.5434027770833333 0.3916015625 0.5347222229166667 0.37890625 0.5746527770833333 0.369140625 0.5885416666666666 0.3671875 0.6024305562500001 0.3515625 0.640625 0.3515625 0.6579861104166667 0.3564453125 0.6666666666666666 0.369140625 0.6684027770833333 0.37890625 0.640625 0.37890625 0.6232638895833333
13 0.1328125 0.4322916666666667 0.150390625 0.39756944375000003 0.146484375 0.3802083333333333 0.1484375 0.3732638895833333 0.205078125 0.24479166666666666 0.2109375 0.22743055625 0.2080078125 0.22222222291666668 0.2041015625 0.22222222291666668 0.197265625 0.234375 0.14453125 0.36631944375000003 0.1396484375 0.375 0.1298828125 0.37152777708333334 0.11328125 0.41493055624999997 0.091796875 0.44618055624999997 0.078125 0.48090277708333334 0.07421875 0.5017361104166667 0.078125 0.515625 0.0869140625 0.52430555625 0.095703125 0.52256944375 0.123046875 0.4739583333333333 0.1328125 0.4322916666666667
13 0.32421875 0.4079861104166667 0.333984375 0.39756944375000003 0.330078125 0.3697916666666667 0.3359375 0.32465277708333334 0.3359375 0.28993055624999997 0.330078125 0.25868055625 0.3232421875 0.25 0.3173828125 0.25 0.30859375 0.26215277708333334 0.306640625 0.32118055624999997 0.3125 0.3489583333333333 0.3125 0.4010416666666667 0.3203125 0.4079861104166667 0.3203125 0.5364583333333334 0.322265625 0.546875 0.326171875 0.546875 0.328125 0.5190972229166666 0.32421875 0.4079861104166667
13 0.1953125 0.5329861104166667 0.208984375 0.5121527770833334 0.2109375 0.4947916666666667 0.248046875 0.421875 0.25390625 0.4079861104166667 0.2529296875 0.39930555624999997 0.2041015625 0.4895833333333333 0.1943359375 0.49652777708333334 0.19140625 0.50868055625 0.15234375 0.578125 0.15234375 0.5885416666666666 0.1572265625 0.5972222229166667 0.1640625 0.5989583333333334 0.189453125 0.5538194437499999 0.1953125 0.5329861104166667
13 0.404296875 0.4045138895833333 0.408203125 0.39409722291666666 0.404296875 0.38368055624999997 0.404296875 0.3697916666666667 0.421875 0.26909722291666666 0.4208984375 0.25347222291666666 0.41796875 0.25868055625 0.400390625 0.3767361104166667 0.392578125 0.38368055624999997 0.392578125 0.4010416666666667 0.38671875 0.41840277708333334 0.37890625 0.4704861104166667 0.3837890625 0.4826388895833333 0.39453125 0.48090277708333334 0.404296875 0.42881944375000003 0.404296875 0.4045138895833333
13 0.451171875 0.390625 0.45703125 0.3697916666666667 0.462890625 0.36631944375000003 0.482421875 0.2829861104166667 0.486328125 0.25868055625 0.4794921875 0.24652777708333332 0.470703125 0.24826388958333334 0.458984375 0.296875 0.453125 0.3420138895833333 0.44921875 0.35243055624999997 0.447265625 0.390625 0.43359375 0.44618055624999997 0.43359375 0.45659722291666666 0.4375 0.45659722291666666 0.451171875 0.4010416666666667 0.451171875 0.390625
13 0.5615234375 0.36411434375 0.5771484375 0.35022545416666667 0.5947265625 0.3293921208333333 0.595703125 0.31723934375 0.5888671875 0.30508656458333333 0.5771484375 0.31550323125 0.5556640625 0.3432810104166667 0.554498771875 0.3548180375 0.49960119374999995 0.4157877125 0.5009208468749999 0.42188467500000004 0.5078125 0.41446156458333333 0.555554478125 0.36044599374999997 0.5615234375 0.36411434375
13 0.6640625 0.5260416666666666 0.669921875 0.5121527770833334 0.666015625 0.484375 0.689453125 0.3697916666666667 0.6884765625 0.3611111104166667 0.681640625 0.3732638895833333 0.662109375 0.4739583333333333 0.650390625 0.4982638895833333 0.646484375 0.5295138895833333 0.630859375 0.5815972229166667 0.630859375 0.6197916666666666 0.6376953125 0.6284722229166667 0.64453125 0.6267361104166667 0.658203125 0.5885416666666666 0.6640625 0.5260416666666666
13 0.58203125 0.5503472229166667 0.58203125 0.5399305562500001 0.576171875 0.5260416666666666 0.587890625 0.4079861104166667 0.5849609375 0.3958333333333333 0.58203125 0.4045138895833333 0.57421875 0.5121527770833334 0.572265625 0.5260416666666666 0.564453125 0.5434027770833333 0.56640625 0.5538194437499999 0.55859375 0.6163194437499999 0.55859375 0.6302083333333334 0.5615234375 0.6354166666666666 0.572265625 0.6371527770833333 0.576171875 0.6267361104166667 0.58203125 0.5503472229166667
13 0.705078125 0.7690972229166667 0.705078125 0.7274305562500001 0.70703125 0.7100694437499999 0.7109375 0.703125 0.7109375 0.6927083333333334 0.705078125 0.6788194437499999 0.71875 0.5885416666666666 0.7158203125 0.5763888895833333 0.7112930484375 0.5956010666666667 0.69921875 0.6788194437499999 0.69140625 0.6892361104166667 0.69140625 0.7100694437499999 0.677734375 0.765625 0.677734375 0.8142361104166667 0.6845703125 0.8229166666666666 0.69140625 0.8211805562500001 0.701171875 0.796875 0.705078125 0.7690972229166667
13 0.44140625 0.7065972229166667 0.44921875 0.6927083333333334 0.447265625 0.6684027770833333 0.4765625 0.5711805562500001 0.4794921875 0.5486111104166667 0.47265625 0.5572916666666666 0.443359375 0.6614583333333334 0.431640625 0.6753472229166667 0.427734375 0.6996527770833333 0.404296875 0.7621527770833333 0.40234375 0.796875 0.4072265625 0.8055555562500001 0.416015625 0.8038194437499999 0.431640625 0.765625 0.44140625 0.7065972229166667
13 0.5 0.7413194437499999 0.505859375 0.7065972229166667 0.515625 0.6892361104166667 0.515625 0.6684027770833333 0.54296875 0.5954861104166667 0.5439453125 0.5833333333333334 0.509765625 0.6649305562500001 0.5048828125 0.6666666666666666 0.494140625 0.6857638895833333 0.470703125 0.7413194437499999 0.466796875 0.7690972229166667 0.4697265625 0.7777777770833333 0.478515625 0.7829861104166667 0.4921875 0.7621527770833333 0.5 0.7413194437499999
13 0.5078125 0.7586805562500001 0.515625 0.7447916666666666 0.5128060515625 0.73149271875 0.54296875 0.6510416666666666 0.5439453125 0.6388888895833333 0.533203125 0.6579861104166667 0.5080553125 0.7263337541666667 0.501953125 0.7239583333333334 0.4921875 0.7621527770833333 0.4765625 0.7864583333333334 0.470703125 0.8072916666666666 0.470703125 0.8246527770833333 0.4755859375 0.8333333333333334 0.48046875 0.8315972229166667 0.494140625 0.8107638895833333 0.5078125 0.7586805562500001
13 0.537109375 0.7690972229166667 0.548828125 0.7482638895833333 0.55078125 0.7239583333333334 0.59375 0.6302083333333334 0.59765625 0.6197916666666666 0.5966796875 0.6111111104166667 0.58984375 0.6197916666666666 0.55859375 0.6927083333333334 0.5439453125 0.71875 0.5380859375 0.71875 0.52734375 0.7447916666666666 0.498046875 0.7934027770833333 0.490234375 0.8211805562500001 0.4921875 0.8350694437499999 0.4990234375 0.84375 0.505859375 0.8420138895833333 0.52734375 0.8038194437499999 0.537109375 0.7690972229166667
13 0.326171875 0.828125 0.3134765625 0.8020833333333334 0.29237228125 0.785113825 0.2659866046875 0.7669190041666667 0.261851521875 0.7532729 0.24787104843750002 0.7585214041666667 0.2373046875 0.7465277770833333 0.18269446250000002 0.6913405375 0.1669921875 0.6701388895833333 0.1640625 0.6753472229166667 0.1640625 0.6822916666666666 0.1728515625 0.6944444437499999 0.24432671093749997 0.7669190041666667 0.24373598125 0.7896625270833333 0.2561411984375 0.7938613333333334 0.2841796875 0.8368055562500001 0.3017578125 0.8541666666666666 0.314453125 0.8559027770833333 0.322265625 0.8489583333333334 0.326171875 0.828125