13 0.365234375 0.2829861104166667 0.357421875 0.22743055625 0.3408203125 0.1875 0.33203125 0.18923611041666666 0.326171875 0.19965277708333332 0.330078125 0.234375 0.3515625 0.29340277708333334 0.3562130234375 0.32130627500000003 0.3648227234375 0.32183386666666663 0.396484375 0.44618055624999997 0.4013671875 0.4513888895833333 0.404296875 0.44618055624999997 0.40234375 0.4357638895833333 0.3710573265625 0.31919607499999997 0.3755106171875 0.30389689375 0.365234375 0.2829861104166667
13 0.4580078125 0.3229166666666667 0.44921875 0.3177083333333333 0.44140625 0.33159722291666666 0.42578125 0.38715277708333334 0.419921875 0.39409722291666666 0.4203404078125 0.4109912416666667 0.3828125 0.52256944375 0.3837890625 0.53125 0.4239030546875 0.41784949791666665 0.43359375 0.4114583333333333 0.4375 0.39409722291666666 0.45703125 0.3489583333333333 0.4609375 0.33159722291666666 0.4580078125 0.3229166666666667
13 0.470217275 0.45636125625 0.458984375 0.453125 0.454779209375 0.4600541791666667 0.425981246875 0.4526683645833333 0.4326171875 0.46527777708333334 0.4521484375 0.47222222291666666 0.4580078125 0.4826388895833333 0.4690297265625 0.48432185625 0.4794921875 0.49652777708333334 0.4951171875 0.5 0.50390625 0.49131944375000003 0.50390625 0.4670138895833333 0.4931640625 0.4548611104166667 0.470217275 0.45636125625
13 0.5034685046875 0.5471013083333334 0.5244140625 0.5520833333333334 0.5419921875 0.5451388895833333 0.5537109375 0.5347222229166667 0.55859375 0.52256944375 0.556640625 0.5052083333333334 0.5498046875 0.49652777708333334 0.521484375 0.4982638895833333 0.4951171875 0.5138888895833333 0.4755859375 0.5138888895833333 0.4677734375 0.53125 0.3818359375 0.5451388895833333 0.3759765625 0.5486111104166667 0.373046875 0.5572916666666666 0.3759765625 0.5625 0.3837890625 0.5625 0.3994140625 0.5555555562500001 0.4717017046875 0.5434084020833333 0.4794207390625 0.55290444375 0.5034685046875 0.5471013083333334
13 0.428594959375 0.63285488125 0.400390625 0.6336805562500001 0.3984375 0.6510416666666666 0.4013671875 0.65625 0.4169921875 0.6597222229166667 0.4336420140625 0.6555398875 0.4404296875 0.6597222229166667 0.4443359375 0.6527777770833333 0.5084573140625 0.6587052291666667 0.5090510765625 0.6513194250000001 0.4443359375 0.6458333333333334 0.4404296875 0.6354166666666666 0.43304824999999997 0.63760289375 0.428594959375 0.63285488125
13 0.47431541718750003 0.6840280291666667 0.4844095484375 0.6724217604166667 0.470703125 0.6753472229166667 0.4287109375 0.6944444437499999 0.422360334375 0.6850831500000001 0.4130859375 0.6944444437499999 0.3623046875 0.7118055562500001 0.359375 0.7170138895833333 0.359375 0.734375 0.3642578125 0.7430555562500001 0.3818359375 0.7395833333333334 0.417016421875 0.71884689375 0.4297824859375 0.71884689375 0.4315638203125 0.7051303645833333 0.47431541718750003 0.6840280291666667
13 0.5908203125 0.71875 0.611328125 0.6927083333333334 0.611328125 0.671875 0.6025390625 0.6597222229166667 0.59765625 0.6614583333333334 0.5732421875 0.6770833333333334 0.5517578125 0.7083333333333334 0.5322265625 0.7222222229166667 0.53125 0.734375 0.5224609375 0.7465277770833333 0.4755859375 0.7847222229166667 0.462890625 0.8038194437499999 0.4716796875 0.8020833333333334 0.53131753125 0.7468074854166667 0.5419921875 0.7534722229166667 0.5517578125 0.7395833333333334 0.5908203125 0.71875
13 0.5509218890625001 0.7646448416666666 0.51953125 0.765625 0.515625 0.7690972229166667 0.515625 0.7899305562500001 0.5224609375 0.7986111104166667 0.5712890625 0.7951388895833333 0.5771484375 0.7881944437499999 0.6257371671875 0.7836369249999999 0.6484375 0.7829861104166667 0.6512693640625 0.7751960083333334 0.5771484375 0.7777777770833333 0.5693359375 0.7638888895833333 0.56517240625 0.7683377541666666 0.5509218890625001 0.7646448416666666
13 0.7490234375 0.6354166666666666 0.7841796875 0.6041666666666666 0.7958984375 0.5868055562500001 0.806640625 0.5642361104166667 0.806640625 0.5503472229166667 0.7978515625 0.5347222229166667 0.78515625 0.5364583333333334 0.7646484375 0.5590277770833333 0.7373046875 0.6111111104166667 0.7236328125 0.625 0.71875 0.6336805562500001 0.720703125 0.6440972229166667 0.7080078125 0.6666666666666666 0.6337890625 0.7638888895833333 0.630859375 0.7760416666666666 0.6416015625 0.7743055562500001 0.7236328125 0.65625 0.7353515625 0.6597222229166667 0.7490234375 0.6354166666666666
13 0.7509765625 0.5034722229166666 0.7578125 0.4947916666666667 0.7578125 0.48090277708333334 0.7529296875 0.47222222291666666 0.75 0.4739583333333333 0.7177734375 0.49305555624999997 0.7001953125 0.5104166666666666 0.6923828125 0.5104166666666666 0.6787109375 0.5277777770833334 0.6357421875 0.5520833333333334 0.6201171875 0.5659722229166667 0.6171875 0.5746527770833333 0.6826171875 0.5381944437499999 0.6962890625 0.5381944437499999 0.7060546875 0.5277777770833334 0.7138671875 0.5277777770833334 0.7509765625 0.5034722229166666
13 0.619140625 0.5746527770833333 0.599609375 0.5746527770833333 0.5673828125 0.5868055562500001 0.5419921875 0.5868055562500001 0.5361328125 0.59375 0.5107421875 0.5972222229166667 0.4951171875 0.6076388895833333 0.4853515625 0.6076388895833333 0.482421875 0.6163194437499999 0.4892578125 0.6354166666666666 0.5478515625 0.6111111104166667 0.5576171875 0.6006944437499999 0.6044921875 0.5868055562500001 0.619140625 0.5746527770833333
13 0.626953125 0.42881944375000003 0.62890625 0.41493055624999997 0.6240234375 0.39930555624999997 0.6015625 0.39756944375000003 0.5842523359375 0.40752044375 0.5615234375 0.4166666666666667 0.5556640625 0.41319444375000003 0.547141578125 0.4302054708333333 0.4736328125 0.44444444375000003 0.470703125 0.453125 0.5361328125 0.44444444375000003 0.547141578125 0.4412841979166667 0.5537109375 0.4513888895833333 0.564064075 0.44339442916666666 0.6130502734375 0.4397015270833334 0.626953125 0.42881944375000003
13 0.4990234375 0.19444444375 0.4873046875 0.17708333333333334 0.4775390625 0.18402777708333332 0.4306640625 0.13541666666666666 0.42578125 0.13715277708333332 0.42578125 0.14409722291666668 0.4736328125 0.19444444375 0.4794921875 0.21180555625 0.4951171875 0.22222222291666668 0.5146484375 0.25 0.5341796875 0.26388888958333334 0.5439453125 0.26388888958333334 0.546875 0.25868055625 0.548828125 0.23784722291666668 0.5341796875 0.21527777708333332 0.5135934437499999 0.2017727 0.4990234375 0.19444444375
13 0.6416015625 0.23611111041666666 0.6252225984375 0.23289859375 0.61328125 0.23784722291666668 0.5947265625 0.25 0.5771484375 0.25 0.5726737749999999 0.2624418958333333 0.5144841109375 0.27932376875000003 0.513671875 0.2829861104166667 0.5741582046875 0.2735206333333334 0.583955453125 0.28354423125 0.596721540625 0.27563085416666666 0.6237381671875 0.2798513375 0.6396484375 0.2708333333333333 0.646484375 0.2552083333333333 0.6416015625 0.23611111041666666
13 0.6786620890624999 0.33999298333333333 0.68014651875 0.23448130416666665 0.6762870140625 0.235008875 0.675396346875 0.3384103125 0.66796875 0.3489583333333333 0.669921875 0.38368055624999997 0.666015625 0.4045138895833333 0.666015625 0.4427083333333333 0.6728515625 0.46180555624999997 0.6787109375 0.46180555624999997 0.68359375 0.453125 0.6875 0.42881944375000003 0.68359375 0.38368055624999997 0.685546875 0.3454861104166667 0.6786620890624999 0.33999298333333333
13 0.7062725015625 0.26138679375 0.7041943078124999 0.26718988958333334 0.636801159375 0.19069394166666667 0.6328125 0.19618055625 0.6994441140625 0.2729930625 0.6979596828125 0.288292225 0.7158203125 0.30555555624999997 0.7392578125 0.34375 0.7587890625 0.3611111104166667 0.7666015625 0.3576388895833333 0.771484375 0.3489583333333333 0.7727199203125 0.32964435833333333 0.7568359375 0.30555555624999997 0.7275390625 0.28472222291666666 0.7138671875 0.26388888958333334 0.7062725015625 0.26138679375