13 0.669921875 0.765625 0.6484375 0.7065972229166667 0.6437869765625 0.678693725 0.6351772765625 0.6781661333333333 0.603515625 0.5538194437499999 0.5986328125 0.5486111104166667 0.595703125 0.5538194437499999 0.59765625 0.5642361104166667 0.6289426734375 0.680803925 0.6244893828125 0.6961031062499999 0.634765625 0.7170138895833333 0.642578125 0.7725694437499999 0.6591796875 0.8125 0.66796875 0.8107638895833333 0.673828125 0.8003472229166667 0.669921875 0.765625
13 0.57421875 0.6128472229166667 0.580078125 0.6059027770833333 0.5796595921875001 0.5890087583333333 0.6171875 0.47743055624999997 0.6162109375 0.46875 0.5760969453125 0.5821505020833333 0.56640625 0.5885416666666666 0.5625 0.6059027770833333 0.54296875 0.6510416666666666 0.5390625 0.6684027770833333 0.5419921875 0.6770833333333334 0.55078125 0.6822916666666666 0.55859375 0.6684027770833333 0.57421875 0.6128472229166667
13 0.5740187531250001 0.5473316354166666 0.5673828125 0.5347222229166667 0.5478515625 0.5277777770833334 0.5419921875 0.5173611104166667 0.5309702734374999 0.51567814375 0.5205078125 0.5034722229166666 0.5048828125 0.5 0.49609375 0.50868055625 0.49609375 0.5329861104166667 0.5068359375 0.5451388895833333 0.529782725 0.54363874375 0.541015625 0.546875 0.545220790625 0.5399458208333333 0.5740187531250001 0.5473316354166666
13 0.5244140625 0.4861111104166667 0.5322265625 0.46875 0.6181640625 0.4548611104166667 0.6240234375 0.4513888895833333 0.626953125 0.4427083333333333 0.6240234375 0.4375 0.6162109375 0.4375 0.6005859375 0.44444444375000003 0.5282982953124999 0.4565915979166667 0.5205792609375 0.44709555624999997 0.49653149531249996 0.45289869166666663 0.4755859375 0.4479166666666667 0.4580078125 0.4548611104166667 0.4462890625 0.46527777708333334 0.44140625 0.47743055624999997 0.443359375 0.4947916666666667 0.4501953125 0.5034722229166666 0.478515625 0.5017361104166667 0.5048828125 0.4861111104166667 0.5244140625 0.4861111104166667
13 0.5986328125 0.34375 0.5830078125 0.34027777708333334 0.5663579859375 0.3444601125 0.5595703125 0.34027777708333334 0.5556640625 0.34722222291666666 0.49154268593749995 0.34129477083333337 0.4909489234375 0.34868057500000005 0.5556640625 0.3541666666666667 0.5595703125 0.3645833333333333 0.5669517500000001 0.36239710625000005 0.571405040625 0.36714511875 0.599609375 0.36631944375000003 0.6015625 0.3489583333333333 0.5986328125 0.34375
13 0.577639665625 0.31491685 0.5869140625 0.30555555624999997 0.6376953125 0.28819444375000003 0.640625 0.2829861104166667 0.640625 0.265625 0.6357421875 0.25694444375 0.6181640625 0.2604166666666667 0.582983578125 0.28115310625 0.5702175140625 0.28115310625 0.5684361796874999 0.2948696354166667 0.5256845828125 0.31597197083333334 0.5155904515625 0.3275782395833333 0.529296875 0.32465277708333334 0.5712890625 0.30555555624999997 0.577639665625 0.31491685
13 0.4482421875 0.2916666666666667 0.4677734375 0.27777777708333334 0.46875 0.265625 0.4775390625 0.25347222291666666 0.5244140625 0.21527777708333332 0.537109375 0.19618055625 0.5283203125 0.19791666666666666 0.46868246874999997 0.25319251458333336 0.4580078125 0.24652777708333332 0.4482421875 0.2604166666666667 0.4091796875 0.28125 0.388671875 0.3072916666666667 0.388671875 0.328125 0.3974609375 0.34027777708333334 0.40234375 0.3385416666666667 0.4267578125 0.3229166666666667 0.4482421875 0.2916666666666667
13 0.484375 0.21006944375 0.4775390625 0.20138888958333334 0.4287109375 0.20486111041666666 0.4228515625 0.21180555625 0.3742628328125 0.216363075 0.3515625 0.21701388958333334 0.34873063593750003 0.22480399166666667 0.4228515625 0.22222222291666668 0.4306640625 0.23611111041666666 0.43482759375 0.23166224583333334 0.4490781109375 0.23535515833333334 0.48046875 0.234375 0.484375 0.23090277708333332 0.484375 0.21006944375
13 0.2626953125 0.3888888895833333 0.2763671875 0.375 0.28125 0.36631944375000003 0.279296875 0.35590277708333334 0.2919921875 0.3333333333333333 0.3662109375 0.23611111041666666 0.369140625 0.22395833333333334 0.3583984375 0.22569444375 0.2763671875 0.34375 0.2646484375 0.34027777708333334 0.2509765625 0.3645833333333333 0.2158203125 0.3958333333333333 0.2041015625 0.41319444375000003 0.193359375 0.4357638895833333 0.193359375 0.44965277708333334 0.2021484375 0.46527777708333334 0.21484375 0.4635416666666667 0.2353515625 0.44097222291666666 0.2626953125 0.3888888895833333
13 0.2998046875 0.4895833333333333 0.3076171875 0.4895833333333333 0.3212890625 0.47222222291666666 0.3642578125 0.4479166666666667 0.3798828125 0.43402777708333334 0.3828125 0.42534722291666666 0.3173828125 0.46180555624999997 0.3037109375 0.46180555624999997 0.2939453125 0.47222222291666666 0.2861328125 0.47222222291666666 0.2490234375 0.49652777708333334 0.2421875 0.5052083333333334 0.2421875 0.5190972229166666 0.2470703125 0.5277777770833334 0.25 0.5260416666666666 0.2822265625 0.50694444375 0.2998046875 0.4895833333333333
13 0.4580078125 0.41319444375000003 0.4638671875 0.40625 0.4892578125 0.40277777708333334 0.5048828125 0.3923611104166667 0.5146484375 0.3923611104166667 0.517578125 0.38368055624999997 0.5107421875 0.3645833333333333 0.4521484375 0.3888888895833333 0.4423828125 0.39930555624999997 0.3955078125 0.41319444375000003 0.380859375 0.42534722291666666 0.400390625 0.42534722291666666 0.4326171875 0.41319444375000003 0.4580078125 0.41319444375000003
13 0.4384765625 0.5833333333333334 0.4443359375 0.5868055562500001 0.452858421875 0.5697945291666666 0.5263671875 0.5555555562500001 0.529296875 0.546875 0.4638671875 0.5555555562500001 0.452858421875 0.5587158020833333 0.4462890625 0.5486111104166667 0.435935925 0.5566055708333334 0.38694972656250004 0.5602984729166667 0.373046875 0.5711805562500001 0.37109375 0.5850694437499999 0.3759765625 0.6006944437499999 0.3984375 0.6024305562500001 0.4157476640625 0.59247955625 0.4384765625 0.5833333333333334
13 0.5263671875 0.8055555562500001 0.5205078125 0.7881944437499999 0.5048828125 0.7777777770833333 0.4853515625 0.75 0.4658203125 0.7361111104166667 0.4560546875 0.7361111104166667 0.453125 0.7413194437499999 0.451171875 0.7621527770833333 0.4658203125 0.7847222229166667 0.48640655625000007 0.7982273000000001 0.5009765625 0.8055555562500001 0.5126953125 0.8229166666666666 0.5224609375 0.8159722229166667 0.5693359375 0.8645833333333334 0.57421875 0.8628472229166667 0.57421875 0.8559027770833333 0.5263671875 0.8055555562500001
13 0.4228515625 0.75 0.427326225 0.7375581041666667 0.4855158890625 0.72067623125 0.486328125 0.7170138895833333 0.4258417953125 0.7264793666666667 0.416044546875 0.71645576875 0.40327845937499995 0.7243691458333333 0.3762618328125 0.7201486625 0.3603515625 0.7291666666666666 0.353515625 0.7447916666666666 0.3583984375 0.7638888895833333 0.3747774015625 0.76710140625 0.38671875 0.7621527770833333 0.4052734375 0.75 0.4228515625 0.75
13 0.33203125 0.6510416666666666 0.330078125 0.6163194437499999 0.333984375 0.5954861104166667 0.333984375 0.5572916666666666 0.3271484375 0.5381944437499999 0.3212890625 0.5381944437499999 0.31640625 0.546875 0.3125 0.5711805562500001 0.31640625 0.6163194437499999 0.314453125 0.6545138895833333 0.32133791093749997 0.6600070166666666 0.31985348125 0.7655186958333334 0.3237129859375 0.764991125 0.324603653125 0.6615896874999999 0.33203125 0.6510416666666666
13 0.3020403171875 0.711707775 0.2841796875 0.6944444437499999 0.2607421875 0.65625 0.2412109375 0.6388888895833333 0.2333984375 0.6423611104166667 0.228515625 0.6510416666666666 0.2272800796875 0.6703556416666667 0.2431640625 0.6944444437499999 0.2724609375 0.7152777770833333 0.2861328125 0.7361111104166667 0.2937274984375 0.7386132062499999 0.29580569218749997 0.7328101104166667 0.363198840625 0.8093060583333334 0.3671875 0.8038194437499999 0.3005558859375 0.7270069375 0.3020403171875 0.711707775