13 0.49609375 0.5329861104166667 0.5068359375 0.5451388895833333 0.529782725 0.54363874375 0.541015625 0.546875 0.545220790625 0.5399458208333333 0.5740187531250001 0.5473316354166666 0.5673828125 0.5347222229166667 0.5478515625 0.5277777770833334 0.5419921875 0.5173611104166667 0.5309702734374999 0.51567814375 0.5205078125 0.5034722229166666 0.5048828125 0.5 0.49609375 0.50868055625 0.49609375 0.5329861104166667
13 0.5282982953124999 0.4565915979166667 0.5205792609375 0.44709555624999997 0.49653149531249996 0.45289869166666663 0.4755859375 0.4479166666666667 0.4580078125 0.4548611104166667 0.4462890625 0.46527777708333334 0.44140625 0.47743055624999997 0.443359375 0.4947916666666667 0.4501953125 0.5034722229166666 0.478515625 0.5017361104166667 0.5048828125 0.4861111104166667 0.5244140625 0.4861111104166667 0.5322265625 0.46875 0.6181640625 0.4548611104166667 0.6240234375 0.4513888895833333 0.626953125 0.4427083333333333 0.6240234375 0.4375 0.6162109375 0.4375 0.6005859375 0.44444444375000003 0.5282982953124999 0.4565915979166667
13 0.5595703125 0.3645833333333333 0.5669517500000001 0.36239710625000005 0.571405040625 0.36714511875 0.6001513765625 0.3714423604166667 0.6015625 0.3489583333333333 0.5985662765625 0.34778227708333337 0.5833493171875 0.3429939458333333 0.5663579859375 0.3444601125 0.5595703125 0.34027777708333334 0.5556640625 0.34722222291666666 0.4926026125 0.33820208125 0.49157209843749994 0.3449656 0.5556640625 0.3541666666666667 0.5595703125 0.3645833333333333
13 0.5702175140625 0.28115310625 0.5684361796874999 0.2948696354166667 0.5256845828125 0.31597197083333334 0.5155904515625 0.3275782395833333 0.529296875 0.32465277708333334 0.5712890625 0.30555555624999997 0.577639665625 0.31491685 0.5869140625 0.30555555624999997 0.6376953125 0.28819444375000003 0.640625 0.2829861104166667 0.640625 0.265625 0.6357421875 0.25694444375 0.6181640625 0.2604166666666667 0.582983578125 0.28115310625 0.5702175140625 0.28115310625
13 0.4580078125 0.24652777708333332 0.4482421875 0.2604166666666667 0.4091796875 0.28125 0.388671875 0.3072916666666667 0.388671875 0.328125 0.3974609375 0.34027777708333334 0.40234375 0.3385416666666667 0.4267578125 0.3229166666666667 0.4482421875 0.2916666666666667 0.4677734375 0.27777777708333334 0.46875 0.265625 0.4775390625 0.25347222291666666 0.5244140625 0.21527777708333332 0.537109375 0.19618055625 0.5283203125 0.19791666666666666 0.46868246874999997 0.25319251458333336 0.4580078125 0.24652777708333332
13 0.4423828125 0.39930555624999997 0.3962398296875 0.41713183958333333 0.3784865828125 0.42705910416666665 0.380388840625 0.4317785854166667 0.40083661875 0.43037024583333333 0.444585215625 0.4098773666666667 0.44918199375 0.41438405625 0.4580078125 0.41319444375000003 0.4638671875 0.40625 0.5048828125 0.3923611104166667 0.5148261468750001 0.38864938958333334 0.517578125 0.38368055624999997 0.512289990625 0.36132761666666663 0.4521484375 0.3888888895833333 0.4423828125 0.39930555624999997
16 0.3406763828125 0.48841035416666667 0.33607959374999996 0.4853120083333333 0.3232421875 0.4861111104166667 0.31896053125 0.491790375 0.3286296328125 0.49348037291666663 0.327995590625 0.5061554208333333 0.3194360546875 0.5061554208333333 0.3191190390625 0.5103804375 0.3251953125 0.5173611104166667 0.33203125 0.515625 0.3369140625 0.50694444375 0.3564453125 0.49652777708333334 0.3935546875 0.4861111104166667 0.4111328125 0.47569444375000003 0.4248046875 0.47569444375000003 0.4296875 0.4635416666666667 0.4248046875 0.4513888895833333 0.4208984375 0.4513888895833333 0.4091796875 0.46180555624999997 0.3406763828125 0.48841035416666667
13 0.302734375 0.6024305562500001 0.3203125 0.6336805562500001 0.3310546875 0.6631944437499999 0.3376635078125 0.6616953166666666 0.36328125 0.7274305562500001 0.37110909375 0.7360556041666667 0.3416262546875 0.6583153020833333 0.34375 0.6510416666666666 0.341796875 0.640625 0.3359375 0.6336805562500001 0.322265625 0.5850694437499999 0.3076171875 0.5590277770833333 0.3017578125 0.5590277770833333 0.2959754125 0.5664916166666667 0.294921875 0.5746527770833333 0.302734375 0.6024305562500001
13 0.2880859375 0.7013888895833333 0.2958984375 0.7118055562500001 0.30591806250000003 0.71459826875 0.3079786828125 0.7084015874999999 0.382478334375 0.76135511875 0.384340796875 0.7565667770833334 0.3134765625 0.6979166666666666 0.3076171875 0.6805555562500001 0.2919921875 0.6736111104166667 0.2646484375 0.6423611104166667 0.2431640625 0.6319444437499999 0.2373046875 0.6354166666666666 0.232421875 0.6475694437499999 0.232421875 0.6614583333333334 0.2509765625 0.6840277770833333 0.2880859375 0.7013888895833333
16 0.185546875 0.45659722291666666 0.1806640625 0.47569444375000003 0.1748046875 0.47222222291666666 0.1748046875 0.4479166666666667 0.1689453125 0.4479166666666667 0.16015625 0.4670138895833333 0.16015625 0.48090277708333334 0.166015625 0.4982638895833333 0.166015625 0.5642361104166667 0.1649088921875 0.6100151854166668 0.16015625 0.7100694437499999 0.158203125 0.7309027770833333 0.15234375 0.7447916666666666 0.15234375 0.7621527770833333 0.1591796875 0.7743055562500001 0.169921875 0.7725694437499999 0.17578125 0.7621527770833333 0.17578125 0.7447916666666666 0.171875 0.734375 0.171875 0.6961805562500001 0.1796875 0.5260416666666666 0.185546875 0.4982638895833333 0.193359375 0.48090277708333334 0.193359375 0.46006944375000003 0.1904296875 0.4548611104166667 0.185546875 0.45659722291666666
16 0.1015625 0.4947916666666667 0.1015625 0.5052083333333334 0.1083984375 0.5173611104166667 0.1201171875 0.52430555625 0.123046875 0.5329861104166667 0.1171875 0.6232638895833333 0.11328125 0.7725694437499999 0.125 0.7864583333333334 0.125 0.8003472229166667 0.1279296875 0.8055555562500001 0.134765625 0.8038194437499999 0.140625 0.7899305562500001 0.140625 0.7795138895833333 0.12109375 0.7586805562500001 0.126953125 0.6649305562500001 0.130859375 0.52256944375 0.12109375 0.50868055625 0.119140625 0.48784722291666666 0.1162109375 0.4826388895833333 0.1083984375 0.4826388895833333 0.1015625 0.4947916666666667
16 0.5888671875 0.06597222291666667 0.568359375 0.06423611041666667 0.5771484375 0.07986111041666667 0.6455078125 0.15625 0.6611328125 0.19791666666666666 0.673828125 0.19965277708333332 0.666015625 0.18229166666666666 0.66796875 0.17534722291666668 0.6728515625 0.17013888958333334 0.6806640625 0.18402777708333332 0.685546875 0.17881944375 0.681640625 0.16145833333333334 0.6748046875 0.14930555625 0.6611328125 0.14930555625 0.6533203125 0.14236111041666666 0.5888671875 0.06597222291666667
16 0.6982421875 0.8854166666666666 0.6865234375 0.8854166666666666 0.6083984375 0.8472222229166667 0.5966796875 0.8472222229166667 0.5634765625 0.8263888895833333 0.5458984375 0.8020833333333334 0.5341796875 0.8055555562500001 0.52734375 0.8246527770833333 0.529296875 0.8454861104166667 0.5380859375 0.8576388895833333 0.5615234375 0.8541666666666666 0.6279296875 0.8888888895833333 0.6533203125 0.8958333333333334 0.6904296875 0.9166666666666666 0.7080078125 0.9444444437499999 0.72265625 0.9427083333333334 0.73046875 0.9322916666666666 0.7255859375 0.9236111104166667 0.7177734375 0.9270833333333334 0.712890625 0.9184027770833333 0.7177734375 0.8993055562500001 0.7275390625 0.8993055562500001 0.73046875 0.8940972229166667 0.7216796875 0.8819444437499999 0.7080078125 0.8784722229166667 0.6982421875 0.8854166666666666
16 0.4775390625 0.6701388895833333 0.4873046875 0.6701388895833333 0.4849880296875 0.66565785625 0.594204990625 0.8415665520833334 0.6004388359374999 0.8455543791666666 0.6129065265625 0.8393510770833333 0.623046875 0.8524305562500001 0.6290083859375 0.8423073229166668 0.620779703125 0.8219249479166667 0.5969478968749999 0.83181844375 0.48822961718749996 0.6532512020833334 0.467952796875 0.6607877895833333 0.4616852859375 0.65288398125 0.455078125 0.6545138895833333 0.455078125 0.6684027770833333 0.4638671875 0.6805555562500001 0.4775390625 0.6701388895833333
16 0.3165371421875 0.8112556604166666 0.316120953125 0.8197603729166667 0.305300278125 0.8179115208333333 0.3076171875 0.8263888895833333 0.3310546875 0.8402777770833333 0.3623046875 0.8784722229166667 0.3857421875 0.8993055562500001 0.4013671875 0.9236111104166667 0.408203125 0.921875 0.412109375 0.9114583333333334 0.410177634375 0.9025889458333333 0.4037268640625 0.9000005229166667 0.3896484375 0.8854166666666666 0.3447265625 0.8368055562500001 0.3271484375 0.8159722229166667 0.3212890625 0.7986111104166667 0.3134765625 0.7951388895833333 0.30859375 0.8003472229166667 0.3165371421875 0.8112556604166666
13 0.537109375 0.6475694437499999 0.5340394609375 0.6575355395833333 0.5439453125 0.6736111104166667 0.546875 0.671875 0.568359375 0.6302083333333334 0.572265625 0.6128472229166667 0.5825689140625 0.5986924958333333 0.5794287765624999 0.5875326041666666 0.626953125 0.484375 0.6259765625 0.47569444375000003 0.576288640625 0.5814453875000001 0.56640625 0.5850694437499999 0.564453125 0.5954861104166667 0.537109375 0.6475694437499999
16 0.6689453125 0.5104166666666666 0.666015625 0.515625 0.6640625 0.5295138895833333 0.6689453125 0.5416666666666666 0.6806640625 0.5486111104166667 0.7548828125 0.6423611104166667 0.7705078125 0.6770833333333334 0.7852507656250001 0.6778262479166667 0.7758303328125 0.6646373354166666 0.7769721859375001 0.6494193041666667 0.7886763640625001 0.6529701437500001 0.7841796875 0.6388888895833333 0.7783203125 0.6319444437499999 0.7666015625 0.6319444437499999 0.7451171875 0.6076388895833333 0.6884765625 0.5347222229166667 0.6787109375 0.5104166666666666 0.6689453125 0.5104166666666666
5 0.8447265625 0.39930555624999997 0.8134765625 0.40277777708333334 0.7978515625 0.40972222291666666 0.7880859375 0.4201388895833333 0.76171875 0.42534722291666666 0.7841796875 0.3923611104166667 0.7939453125 0.3958333333333333 0.8173828125 0.38194444375000003 0.8408203125 0.3611111104166667 0.8779296875 0.34027777708333334 0.88671875 0.328125 0.88671875 0.32118055624999997 0.8798828125 0.3125 0.8720703125 0.31597222291666666 0.8154296875 0.3541666666666667 0.8017578125 0.3541666666666667 0.7841796875 0.3645833333333333 0.7724609375 0.38194444375000003 0.7451171875 0.3958333333333333 0.7353515625 0.41319444375000003 0.7255859375 0.41319444375000003 0.7138671875 0.40277777708333334 0.7021484375 0.40277777708333334 0.701171875 0.41493055624999997 0.6953125 0.421875 0.701171875 0.44618055624999997 0.7177734375 0.47222222291666666 0.73046875 0.4704861104166667 0.7412109375 0.4583333333333333 0.7666015625 0.4479166666666667 0.8056640625 0.4479166666666667 0.8212890625 0.43055555624999997 0.8994140625 0.40972222291666666 0.904296875 0.4045138895833333 0.904296875 0.390625 0.9013671875 0.3854166666666667 0.8818359375 0.3854166666666667 0.8447265625 0.39930555624999997
5 0.873046875 0.5190972229166666 0.8720703125 0.5104166666666666 0.8623046875 0.5104166666666666 0.849609375 0.5329861104166667 0.779296875 0.6822916666666666 0.7666015625 0.71875 0.7529296875 0.7083333333333334 0.748046875 0.7100694437499999 0.763671875 0.7482638895833333 0.763671875 0.7552083333333334 0.7607421875 0.7604166666666666 0.7431640625 0.7604166666666666 0.7392578125 0.7534722229166667 0.732421875 0.7586805562500001 0.732421875 0.765625 0.7451171875 0.7847222229166667 0.7607421875 0.7951388895833333 0.7724609375 0.7916666666666666 0.7802734375 0.78125 0.8076171875 0.78125 0.8310546875 0.7881944437499999 0.935546875 0.796875 0.9423828125 0.7951388895833333 0.9453125 0.7864583333333334 0.9306640625 0.7708333333333334 0.8251953125 0.7638888895833333 0.7900390625 0.7569444437499999 0.787109375 0.7482638895833333 0.802734375 0.6684027770833333 0.82421875 0.6197916666666666 0.86328125 0.546875 0.873046875 0.5190972229166666
13 0.4189453125 0.21875 0.4248046875 0.23263888958333334 0.4327324 0.23143173749999998 0.4580078125 0.23958333333333334 0.48145806562500004 0.23639229166666667 0.48046875 0.21354166666666666 0.4716796875 0.20486111041666666 0.4504969609375 0.20302133333333333 0.43323997031249994 0.20617803541666666 0.42740303593749995 0.20302133333333333 0.420297221875 0.20933474375 0.3505859375 0.20138888958333334 0.34765625 0.20659722291666668 0.3505859375 0.21180555625 0.4189453125 0.21875
5 0.3310546875 0.33680555624999997 0.314453125 0.2829861104166667 0.3046875 0.09548611041666667 0.299125509375 0.07572474374999999 0.29296875 0.08854166666666667 0.294921875 0.16145833333333334 0.306640625 0.33159722291666666 0.318359375 0.3732638895833333 0.302734375 0.42534722291666666 0.3095703125 0.4375 0.3203125 0.4357638895833333 0.3388671875 0.4236111104166667 0.345703125 0.4045138895833333 0.34375 0.36284722291666666 0.34765625 0.24826388958333334 0.34765625 0.08854166666666667 0.3427734375 0.07638888958333333 0.337890625 0.08159722291666666 0.3359375 0.09201388958333333 0.3359375 0.2795138895833333 0.3310546875 0.33680555624999997
13 0.2392578125 0.34027777708333334 0.2119140625 0.3576388895833333 0.1884765625 0.3854166666666667 0.1796875 0.4010416666666667 0.177734375 0.41840277708333334 0.1845703125 0.43402777708333334 0.1953125 0.4357638895833333 0.2216796875 0.41319444375000003 0.2470703125 0.36805555624999997 0.2626953125 0.3541666666666667 0.26993297968749996 0.34477766666666665 0.26591718593749997 0.33407373749999997 0.3671724234375 0.21429179791666667 0.35741976875 0.21276267083333333 0.26161455624999996 0.3254086583333333 0.25759876406250004 0.31470474791666664 0.2392578125 0.34027777708333334
12 0.6318359375 0.6006944437499999 0.625 0.6197916666666666 0.626953125 0.6371527770833333 0.6484375 0.6579861104166667 0.6953125 0.7725694437499999 0.703125 0.8142361104166667 0.724609375 0.8697916666666666 0.7373046875 0.8958333333333334 0.751953125 0.9045138895833333 0.759765625 0.8940972229166667 0.759765625 0.8802083333333334 0.748046875 0.8420138895833333 0.71875 0.7795138895833333 0.701171875 0.7586805562500001 0.654296875 0.6475694437499999 0.654296875 0.6197916666666666 0.650390625 0.6059027770833333 0.6435546875 0.5972222229166667 0.6318359375 0.6006944437499999
12 0.2919921875 0.4861111104166667 0.2890625 0.49131944375000003 0.2890625 0.50868055625 0.310546875 0.5642361104166667 0.3479624265625 0.6098643104166667 0.35171898281249997 0.6045240791666667 0.3984375 0.6857638895833333 0.404296875 0.7170138895833333 0.4208984375 0.7465277770833333 0.42645605 0.7503474916666666 0.4338156578125 0.7521513333333334 0.443359375 0.734375 0.44548950937500004 0.7214861083333334 0.443359375 0.7100694437499999 0.4306640625 0.6875 0.4091796875 0.6736111104166667 0.359983421875 0.5905059666666667 0.361328125 0.5746527770833333 0.3291015625 0.5138888895833333 0.3017578125 0.4861111104166667 0.2919921875 0.4861111104166667
12 0.2158203125 0.47222222291666666 0.2080078125 0.4791666666666667 0.201171875 0.4947916666666667 0.19921875 0.5260416666666666 0.20703125 0.5711805562500001 0.19921875 0.6753472229166667 0.193359375 0.6857638895833333 0.1875 0.7135416666666666 0.181640625 0.7795138895833333 0.18359375 0.828125 0.1884765625 0.8402777770833333 0.197265625 0.8385416666666666 0.203125 0.828125 0.21484375 0.765625 0.216796875 0.6996527770833333 0.21159946875000002 0.6812899916666667 0.216796875 0.5850694437499999 0.21875 0.5642361104166667 0.234375 0.5260416666666666 0.234375 0.48784722291666666 0.2275390625 0.47222222291666666 0.2158203125 0.47222222291666666
12 0.0458984375 0.8263888895833333 0.0380859375 0.8194444437499999 0.0205078125 0.8194444437499999 0.005859375 0.8524305562500001 0.0087890625 0.8645833333333334 0.0322265625 0.8819444437499999 0.0537109375 0.8784722229166667 0.0908203125 0.8958333333333334 0.1181640625 0.9131944437499999 0.1240234375 0.9270833333333334 0.1728515625 0.9618055562500001 0.1865234375 0.96875 0.201171875 0.9670138895833333 0.2109375 0.9496527770833333 0.2109375 0.9357638895833333 0.2041015625 0.9236111104166667 0.1884765625 0.9097222229166667 0.1357421875 0.8819444437499999 0.1220703125 0.8888888895833333 0.10113707499999999 0.87829598125 0.0673828125 0.8645833333333334 0.0576171875 0.8541666666666666 0.0458984375 0.8263888895833333
16 0.23417443750000003 0.6892361104166667 0.23417443750000003 0.6996527770833333 0.23808068750000003 0.7065972229166667 0.2693306875 0.8559027770833333 0.2693306875 0.890625 0.2736977171875 0.8959909708333333 0.2753449953125 0.87961246875 0.281720340625 0.8788838229166667 0.2841271203125 0.8963473791666666 0.2885395734375 0.88636818125 0.2888619375 0.8732638895833333 0.2771431875 0.8489583333333334 0.24979943750000003 0.7170138895833333 0.24784631250000003 0.6857638895833333 0.23905725000000003 0.6805555562500001 0.23417443750000003 0.6892361104166667
13 0.30636525 0.43811522291666666 0.2934173765625 0.44129492708333334 0.2649286703125 0.44871621458333333 0.25114545312500003 0.45293154999999996 0.2352467140625 0.4548122354166667 0.234375 0.4739583333333333 0.2392578125 0.4826388895833333 0.2421875 0.48090277708333334 0.2685546875 0.47569444375000003 0.2880859375 0.46527777708333334 0.3037109375 0.46527777708333334 0.3106907625 0.45481305625 0.36423761718750003 0.44421124375 0.38153964687499997 0.4362598833333333 0.380859375 0.4322916666666667 0.3564815109375 0.43175411041666667 0.311138234375 0.44182584166666666 0.30636525 0.43811522291666666
13 0.435689809375 0.5553885583333333 0.39194623281249996 0.5543051999999999 0.3759765625 0.5625 0.37109375 0.5746527770833333 0.373046875 0.5885416666666666 0.3818359375 0.5972222229166667 0.408203125 0.5954861104166667 0.4365234375 0.5833333333333334 0.4462890625 0.5868055562500001 0.45199838124999997 0.57218065 0.5224609375 0.5659722229166667 0.529296875 0.5572916666666666 0.5263671875 0.5520833333333334 0.4521484375 0.5555555562500001 0.4462890625 0.5486111104166667 0.43873814062500005 0.5494300895833334 0.435689809375 0.5553885583333333
13 0.6328125 0.7135416666666666 0.650390625 0.7864583333333334 0.6630859375 0.8090277770833333 0.671875 0.8072916666666666 0.677734375 0.796875 0.671875 0.7586805562500001 0.6456750296875 0.7018077270833333 0.64453125 0.6822916666666666 0.6328125 0.6753472229166667 0.5936026453125 0.555379525 0.58957643125 0.5630109458333333 0.62903335 0.68272913125 0.6239334734375 0.6956071854166667 0.6328125 0.7135416666666666
0 0.82421875 0.6649305562500001 0.822265625 0.6996527770833333 0.8280749234375 0.7039346854166666 0.837929534375 0.686423325 0.84379536875 0.6935112583333333 0.8359375 0.7100694437499999 0.8341754046875 0.7210290979166667 0.845703125 0.7204861104166667 0.8662109375 0.7083333333333334 0.8779296875 0.6701388895833333 0.9638671875 0.5868055562500001 0.96875 0.578125 0.96875 0.5607638895833333 0.9619140625 0.5486111104166667 0.9541015625 0.5486111104166667 0.8662109375 0.6458333333333334 0.8310546875 0.6527777770833333 0.82421875 0.6649305562500001
0 0.8344665703124999 0.21527777708333332 0.8032165703124999 0.23611111041666666 0.7896929890625 0.24319984583333334 0.7368103203125 0.27777777708333334 0.7153259453125 0.28125 0.6918884453125 0.2708333333333333 0.6860290703125 0.2916666666666667 0.6704040703125 0.3020833333333333 0.6616150078125 0.3177083333333333 0.6684509453125 0.3263888895833333 0.6866238171875 0.3255533145833333 0.6859199109375 0.33806142708333337 0.6645446953125 0.33680555624999997 0.6616150078125 0.3454861104166667 0.6782165703125 0.36805555624999997 0.69047815625 0.3732815125 0.7031589484375 0.36032477916666666 0.7148886703125 0.33525634583333336 0.7289978203125 0.31944444375000003 0.7856384453125 0.2986111104166667 0.8344665703124999 0.2673611104166667 0.8481384453124999 0.26388888958333334 0.8549743828124999 0.25173611041666666 0.8569275078124999 0.234375 0.8461853203124999 0.21527777708333332 0.8344665703124999 0.21527777708333332
13 0.4091796875 0.7916666666666666 0.4208984375 0.8020833333333334 0.4580078125 0.8125 0.4658203125 0.8229166666666666 0.474321546875 0.8136825354166667 0.5299585296875 0.8483276645833333 0.5263671875 0.8333333333333334 0.47669919531250005 0.8010074875 0.4736328125 0.7881944437499999 0.46370137656250004 0.7874874374999999 0.4482421875 0.7743055562500001 0.4287109375 0.7534722229166667 0.4052734375 0.75 0.400390625 0.7586805562500001 0.3984375 0.7725694437499999 0.4091796875 0.7916666666666666
0 0.4541015625 0.9375 0.4716796875 0.9236111104166667 0.4970703125 0.9236111104166667 0.5927734375 0.9618055562500001 0.6083984375 0.9722222229166667 0.6171875 0.9704861104166667 0.623046875 0.9565972229166667 0.623046875 0.9427083333333334 0.6162109375 0.9270833333333334 0.4853515625 0.8819444437499999 0.4521484375 0.8333333333333334 0.4345703125 0.84375 0.423828125 0.8732638895833333 0.4306640625 0.8923611104166667 0.44921875 0.9079861104166667 0.4541015625 0.9375
0 0.1396484375 0.31944444375000003 0.1162109375 0.35069444375000003 0 0.35590277708333334 0.0009765625 0.3923611104166667 0.1103515625 0.38194444375000003 0.125 0.39756944375000003 0.1259765625 0.41319444375000003 0.130859375 0.4114583333333333 0.1513671875 0.40972222291666666 0.1640625 0.39409722291666666 0.1591796875 0.3854166666666667 0.1484375 0.3802083333333333 0.1484375 0.36631944375000003 0.1533203125 0.35069444375000003 0.169921875 0.35243055624999997 0.166015625 0.33506944375000003 0.1513671875 0.31597222291666666 0.1396484375 0.31944444375000003
0 0.072265625 0.44965277708333334 0.0673828125 0.4479166666666667 0.0556640625 0.4583333333333333 0.037109375 0.48784722291666666 0.041015625 0.4982638895833333 0.0390625 0.5364583333333334 0.0185546875 0.5763888895833333 0 0.6024305562500001 0.001953125 0.671875 0.0615234375 0.5520833333333334 0.0888671875 0.5347222229166667 0.099609375 0.52256944375 0.1015625 0.48090277708333334 0.0966796875 0.46527777708333334 0.0908203125 0.46527777708333334 0.083984375 0.49131944375000003 0.0791015625 0.49652777708333334 0.068359375 0.484375 0.072265625 0.44965277708333334
7 0.8710353765625 0.43011321874999997 0.6774282484375 0.6130420208333334 0.6637023890625 0.5681121395833333 0.64491959375 0.58094925 0.6665920296875 0.6573300583333332 0.694043778125 0.7118877708333333 0.69801708125 0.7061111104166666 0.685013596875 0.6393580854166667 0.883316403125 0.4622059916666667 0.8778982937500001 0.43717363125 0.8710353765625 0.43011321874999997
7 0.6121266234375 0.6010256145833334 0.6952043 0.46751968541666666 0.6847293109375 0.44633844791666666 0.6738930640625 0.43927803541666666 0.589370553125 0.5881885062500001 0.5131558218750001 0.7210525874999999 0.493650621875 0.6902435312499999 0.47956353281249997 0.7127084729166667 0.5135170234374999 0.7788195791666667 0.5431360375 0.8160472145833333 0.5481929171875 0.81027050625 0.5265204796875 0.7531453604166667 0.5590291359374999 0.6870342541666666 0.6121266234375 0.6010256145833334
13 0.45060128125 0.6977501895833333 0.46038689843749997 0.7122501479166666 0.4680652921875 0.71402363125 0.5115123640625 0.7844157500000001 0.511938309375 0.7794958750000001 0.4704080390625 0.7038054333333333 0.47147291874999997 0.6886673437499999 0.4527310390625 0.6617972291666666 0.4399524890625 0.6307641520833334 0.42270145000000003 0.6144907041666666 0.41448846093749997 0.62370848125 0.41448846093749997 0.6375973708333333 0.4263220328125 0.66823091875 0.43952654375 0.6810983 0.45060128125 0.6977501895833333
16 0.5986140984375 0.23992532708333333 0.5981385640625 0.22753195208333335 0.59375 0.234375 0.59375 0.2552083333333333 0.607421875 0.2829861104166667 0.638671875 0.4114583333333333 0.642578125 0.44618055624999997 0.6474609375 0.4513888895833333 0.654296875 0.44965277708333334 0.658203125 0.44618055624999997 0.658203125 0.42881944375000003 0.646484375 0.4010416666666667 0.6171875 0.2795138895833333 0.6149406109375 0.2534453770833333 0.615234375 0.234375 0.6083984375 0.22569444375 0.6084417078125 0.24527701875 0.600040678125 0.24696702083333333 0.5986140984375 0.23992532708333333