13 0.595703125 0.44618055624999997 0.5986328125 0.4513888895833333 0.603515625 0.44618055624999997 0.6351772765625 0.32183386666666663 0.6437869765625 0.32130627500000003 0.6484375 0.29340277708333334 0.669921875 0.234375 0.673828125 0.19965277708333332 0.66796875 0.18923611041666666 0.6591796875 0.1875 0.642578125 0.22743055625 0.634765625 0.2829861104166667 0.6244893828125 0.30389689375 0.6289426734375 0.31919607499999997 0.59765625 0.4357638895833333 0.595703125 0.44618055624999997
13 0.5309702734374999 0.48432185625 0.5419921875 0.4826388895833333 0.5478515625 0.47222222291666666 0.5673828125 0.46527777708333334 0.5740187531250001 0.4526683645833333 0.545220790625 0.4600541791666667 0.541015625 0.453125 0.529782725 0.45636125625 0.5068359375 0.4548611104166667 0.49609375 0.4670138895833333 0.49609375 0.49131944375000003 0.5048828125 0.5 0.5205078125 0.49652777708333334 0.5309702734374999 0.48432185625
13 0.49653149531249996 0.5471013083333334 0.5205792609375 0.55290444375 0.5282982953124999 0.5434084020833333 0.6005859375 0.5555555562500001 0.6162109375 0.5625 0.6240234375 0.5625 0.626953125 0.5572916666666666 0.6240234375 0.5486111104166667 0.6181640625 0.5451388895833333 0.5322265625 0.53125 0.5244140625 0.5138888895833333 0.5048828125 0.5138888895833333 0.478515625 0.4982638895833333 0.4501953125 0.49652777708333334 0.443359375 0.5052083333333334 0.44140625 0.52256944375 0.4462890625 0.5347222229166667 0.4580078125 0.5451388895833333 0.4755859375 0.5520833333333334 0.49653149531249996 0.5471013083333334
13 0.5556640625 0.6527777770833333 0.5595703125 0.6597222229166667 0.5663579859375 0.6555398875 0.5830078125 0.6597222229166667 0.5986328125 0.65625 0.6015625 0.6510416666666666 0.599609375 0.6336805562500001 0.571405040625 0.63285488125 0.5669517500000001 0.63760289375 0.5595703125 0.6354166666666666 0.5556640625 0.6458333333333334 0.4909489234375 0.6513194250000001 0.49154268593749995 0.6587052291666667 0.5556640625 0.6527777770833333
13 0.6357421875 0.7430555562500001 0.640625 0.734375 0.640625 0.7170138895833333 0.6376953125 0.7118055562500001 0.5869140625 0.6944444437499999 0.577639665625 0.6850831500000001 0.5712890625 0.6944444437499999 0.529296875 0.6753472229166667 0.5155904515625 0.6724217604166667 0.5256845828125 0.6840280291666667 0.5684361796874999 0.7051303645833333 0.5702175140625 0.71884689375 0.582983578125 0.71884689375 0.6181640625 0.7395833333333334 0.6357421875 0.7430555562500001
13 0.46868246874999997 0.7468074854166667 0.5283203125 0.8020833333333334 0.537109375 0.8038194437499999 0.5244140625 0.7847222229166667 0.4775390625 0.7465277770833333 0.46875 0.734375 0.4677734375 0.7222222229166667 0.4482421875 0.7083333333333334 0.4267578125 0.6770833333333334 0.40234375 0.6614583333333334 0.3974609375 0.6597222229166667 0.388671875 0.671875 0.388671875 0.6927083333333334 0.4091796875 0.71875 0.4482421875 0.7395833333333334 0.4580078125 0.7534722229166667 0.46868246874999997 0.7468074854166667
13 0.3037109375 0.5381944437499999 0.3173828125 0.5381944437499999 0.3828125 0.5746527770833333 0.3798828125 0.5659722229166667 0.3642578125 0.5520833333333334 0.3212890625 0.5277777770833334 0.3076171875 0.5104166666666666 0.2998046875 0.5104166666666666 0.2822265625 0.49305555624999997 0.25 0.4739583333333333 0.2470703125 0.47222222291666666 0.2421875 0.48090277708333334 0.2421875 0.4947916666666667 0.2490234375 0.5034722229166666 0.2861328125 0.5277777770833334 0.2939453125 0.5277777770833334 0.3037109375 0.5381944437499999
13 0.5146484375 0.6076388895833333 0.5048828125 0.6076388895833333 0.4892578125 0.5972222229166667 0.4638671875 0.59375 0.4580078125 0.5868055562500001 0.4326171875 0.5868055562500001 0.400390625 0.5746527770833333 0.380859375 0.5746527770833333 0.3955078125 0.5868055562500001 0.4423828125 0.6006944437499999 0.4521484375 0.6111111104166667 0.5107421875 0.6354166666666666 0.517578125 0.6163194437499999 0.5146484375 0.6076388895833333
13 0.452858421875 0.4412841979166667 0.4638671875 0.44444444375000003 0.529296875 0.453125 0.5263671875 0.44444444375000003 0.452858421875 0.4302054708333333 0.4443359375 0.41319444375000003 0.4384765625 0.4166666666666667 0.4157476640625 0.40752044375 0.3984375 0.39756944375000003 0.3759765625 0.39930555624999997 0.37109375 0.41493055624999997 0.373046875 0.42881944375000003 0.38694972656250004 0.4397015270833334 0.435935925 0.44339442916666666 0.4462890625 0.4513888895833333 0.452858421875 0.4412841979166667
16 0.3232421875 0.5138888895833333 0.33607959374999996 0.5146879916666667 0.3406763828125 0.5115896458333333 0.4091796875 0.5381944437499999 0.4208984375 0.5486111104166667 0.4248046875 0.5486111104166667 0.4296875 0.5364583333333334 0.4248046875 0.52430555625 0.4111328125 0.52430555625 0.3935546875 0.5138888895833333 0.3564453125 0.5034722229166666 0.3369140625 0.49305555624999997 0.33203125 0.484375 0.3251953125 0.4826388895833333 0.3191190390625 0.4896195625 0.3194360546875 0.4938445791666667 0.327995590625 0.4938445791666667 0.3286296328125 0.5065196270833333 0.31896053125 0.508209625 0.3232421875 0.5138888895833333
16 0.2314453125 0.31597222291666666 0.2373046875 0.31597222291666666 0.2421875 0.3072916666666667 0.244140625 0.2795138895833333 0.267578125 0.18229166666666666 0.27734375 0.14756944375 0.2890625 0.1267361104166667 0.28816073593749997 0.11495462916666667 0.28514904531249996 0.10509625833333333 0.2816618328125 0.12396798958333334 0.2745288875 0.12030632083333333 0.2743703796875 0.10227958125 0.267578125 0.11284722291666666 0.26953125 0.13368055625 0.267578125 0.14756944375 0.232421875 0.2829861104166667 0.2265625 0.29340277708333334 0.2265625 0.3072916666666667 0.2314453125 0.31597222291666666
13 0.39608935 0.1877981875 0.3961673484375 0.19965277708333332 0.40242974531250003 0.21286661041666666 0.426531534375 0.21178353958333332 0.4327051328125 0.20779659166666667 0.43715169375 0.20530518333333334 0.4604443640625 0.189206525 0.4707475078125 0.18948818958333333 0.4756613234375 0.17455980208333333 0.521946209375 0.15794139999999998 0.535102534375 0.14667469166666666 0.5192515453125 0.14667469166666666 0.474868775 0.16329309166666667 0.46805284374999995 0.15512472291666668 0.4537845359375 0.16319444375 0.4186282859375 0.16319444375 0.4010501609375 0.17708333333333334 0.39608935 0.1877981875
13 0.2959754125 0.43350838333333336 0.3017578125 0.44097222291666666 0.3076171875 0.44097222291666666 0.322265625 0.41493055624999997 0.3359375 0.36631944375000003 0.341796875 0.359375 0.34375 0.3489583333333333 0.3416262546875 0.34168469791666667 0.37110909375 0.26394439583333335 0.36328125 0.27256944375000003 0.3376635078125 0.3383046833333333 0.3310546875 0.33680555624999997 0.3203125 0.36631944375000003 0.302734375 0.39756944375000003 0.294921875 0.42534722291666666 0.2959754125 0.43350838333333336
13 0.232421875 0.3385416666666667 0.232421875 0.35243055624999997 0.2373046875 0.3645833333333333 0.2431640625 0.36805555624999997 0.2646484375 0.3576388895833333 0.2919921875 0.3263888895833333 0.3076171875 0.31944444375000003 0.3134765625 0.3020833333333333 0.384340796875 0.24343322291666666 0.382478334375 0.23864488125 0.3079786828125 0.2915984125 0.30591806250000003 0.28540173125 0.2958984375 0.28819444375000003 0.2880859375 0.2986111104166667 0.2509765625 0.31597222291666666 0.232421875 0.3385416666666667
16 0.166015625 0.4357638895833333 0.166015625 0.5017361104166667 0.16015625 0.5190972229166666 0.16015625 0.5329861104166667 0.1689453125 0.5520833333333334 0.1748046875 0.5520833333333334 0.1748046875 0.5277777770833334 0.1806640625 0.52430555625 0.185546875 0.5434027770833333 0.1904296875 0.5451388895833333 0.193359375 0.5399305562500001 0.193359375 0.5190972229166666 0.185546875 0.5017361104166667 0.1796875 0.4739583333333333 0.171875 0.30381944375000003 0.171875 0.265625 0.17578125 0.2552083333333333 0.17578125 0.23784722291666668 0.169921875 0.22743055625 0.1591796875 0.22569444375 0.15234375 0.23784722291666668 0.15234375 0.2552083333333333 0.158203125 0.26909722291666666 0.16015625 0.28993055624999997 0.162109375 0.390625 0.166015625 0.4357638895833333
16 0.1201171875 0.47569444375000003 0.1083984375 0.4826388895833333 0.1015625 0.4947916666666667 0.1015625 0.5052083333333334 0.1083984375 0.5173611104166667 0.1162109375 0.5173611104166667 0.119140625 0.5121527770833334 0.12109375 0.49131944375000003 0.130859375 0.47743055624999997 0.126953125 0.33506944375000003 0.12109375 0.24131944375 0.140625 0.22048611041666666 0.140625 0.21006944375 0.134765625 0.19618055625 0.1279296875 0.19444444375 0.125 0.19965277708333332 0.125 0.21354166666666666 0.11328125 0.22743055625 0.1171875 0.3767361104166667 0.123046875 0.4670138895833333 0.1201171875 0.47569444375000003
13 0.412945575 0.3611111104166667 0.428570575 0.3541666666666667 0.45005495 0.3263888895833333 0.4695862 0.3125 0.47066806562499997 0.29655119583333334 0.5238619546875001 0.24766803541666665 0.5230198265625 0.24342816875 0.469404884375 0.2883208708333333 0.459820575 0.28472222291666666 0.448101825 0.2986111104166667 0.424664325 0.30902777708333334 0.4041565125 0.33506944375000003 0.4041565125 0.3489583333333333 0.412945575 0.3611111104166667
16 0.6611328125 0.8506944437499999 0.6748046875 0.8506944437499999 0.681640625 0.8385416666666666 0.685546875 0.8211805562500001 0.6806640625 0.8159722229166667 0.6728515625 0.8298611104166667 0.66796875 0.8246527770833333 0.666015625 0.8177083333333334 0.673828125 0.8003472229166667 0.6611328125 0.8020833333333334 0.6455078125 0.84375 0.5771484375 0.9201388895833333 0.568359375 0.9357638895833333 0.5888671875 0.9340277770833333 0.6533203125 0.8576388895833333 0.6611328125 0.8506944437499999
16 0.529296875 0.15451388958333334 0.52734375 0.17534722291666668 0.5341796875 0.19444444375 0.5458984375 0.19791666666666666 0.5634765625 0.17361111041666666 0.5966796875 0.15277777708333332 0.6083984375 0.15277777708333332 0.6865234375 0.11458333333333333 0.6982421875 0.11458333333333333 0.7080078125 0.12152777708333334 0.7216796875 0.11805555625 0.73046875 0.10590277708333334 0.7275390625 0.10069444375 0.7177734375 0.10069444375 0.712890625 0.08159722291666666 0.7177734375 0.07291666666666667 0.7255859375 0.07638888958333333 0.73046875 0.06770833333333333 0.72265625 0.057291666666666664 0.7080078125 0.05555555625 0.6904296875 0.08333333333333333 0.6533203125 0.10416666666666667 0.6279296875 0.11111111041666667 0.5615234375 0.14583333333333334 0.5380859375 0.14236111041666666 0.529296875 0.15451388958333334
16 0.4616852859375 0.34711601875000003 0.467952796875 0.3392122104166667 0.4855422625 0.3442419125 0.5706591296875 0.20233244166666667 0.5947265625 0.16319444375 0.6142578125 0.17361111041666666 0.623046875 0.16145833333333334 0.623046875 0.14756944375 0.5927734375 0.15277777708333332 0.4873046875 0.3298611104166667 0.4775390625 0.3298611104166667 0.4638671875 0.31944444375000003 0.455078125 0.33159722291666666 0.455078125 0.3454861104166667 0.4616852859375 0.34711601875000003
16 0.316120953125 0.18023962708333335 0.3165371421875 0.18874433958333334 0.30859375 0.19965277708333332 0.3134765625 0.20486111041666666 0.3212890625 0.20138888958333334 0.3271484375 0.18402777708333332 0.3447265625 0.16319444375 0.3896484375 0.11458333333333333 0.4037268640625 0.09999947708333333 0.410177634375 0.09741105416666666 0.412109375 0.08854166666666667 0.408203125 0.078125 0.4013671875 0.07638888958333333 0.3857421875 0.10069444375 0.3623046875 0.12152777708333334 0.3310546875 0.15972222291666668 0.3076171875 0.17361111041666666 0.305300278125 0.18208847916666665 0.316120953125 0.18023962708333335
16 0.591796875 0.7586805562500001 0.5947265625 0.7708333333333334 0.6025390625 0.7638888895833333 0.6083984375 0.7777777770833333 0.615234375 0.765625 0.615234375 0.7413194437499999 0.634765625 0.6684027770833333 0.65625 0.5989583333333334 0.66796875 0.578125 0.666015625 0.5642361104166667 0.66015625 0.5572916666666666 0.6572265625 0.5555555562500001 0.650390625 0.5642361104166667 0.6484375 0.5850694437499999 0.62890625 0.6545138895833333 0.60546875 0.7274305562500001 0.59375 0.7482638895833333 0.591796875 0.7586805562500001
13 0.6259765625 0.52430555625 0.626953125 0.515625 0.5794287765624999 0.41246739583333336 0.5825689140625 0.40130750416666666 0.572265625 0.38715277708333334 0.568359375 0.3697916666666667 0.546875 0.328125 0.5439453125 0.3263888895833333 0.5340394609375 0.3424644604166666 0.537109375 0.35243055624999997 0.564453125 0.4045138895833333 0.56640625 0.41493055624999997 0.576288640625 0.41855461250000003 0.6259765625 0.52430555625
16 0.6689453125 0.4895833333333333 0.6787109375 0.4895833333333333 0.6884765625 0.46527777708333334 0.7451171875 0.3923611104166667 0.7666015625 0.36805555624999997 0.7783203125 0.36805555624999997 0.7841796875 0.3611111104166667 0.7886763640625001 0.34702985625 0.7769721859375001 0.3505806958333333 0.7758303328125 0.3353626645833333 0.7852507656250001 0.3221737520833334 0.7705078125 0.3229166666666667 0.7548828125 0.3576388895833333 0.6806640625 0.4513888895833333 0.6689453125 0.4583333333333333 0.6640625 0.4704861104166667 0.666015625 0.484375 0.6689453125 0.4895833333333333
5 0.7255859375 0.5868055562500001 0.7353515625 0.5868055562500001 0.7451171875 0.6041666666666666 0.7724609375 0.6180555562500001 0.7841796875 0.6354166666666666 0.8017578125 0.6458333333333334 0.8154296875 0.6458333333333334 0.8720703125 0.6840277770833333 0.8798828125 0.6875 0.88671875 0.6788194437499999 0.88671875 0.671875 0.8779296875 0.6597222229166667 0.8408203125 0.6388888895833333 0.8173828125 0.6180555562500001 0.7939453125 0.6041666666666666 0.7841796875 0.6076388895833333 0.76171875 0.5746527770833333 0.7880859375 0.5798611104166667 0.7978515625 0.5902777770833333 0.8134765625 0.5972222229166667 0.8447265625 0.6006944437499999 0.8818359375 0.6145833333333334 0.9013671875 0.6145833333333334 0.904296875 0.609375 0.904296875 0.5954861104166667 0.8994140625 0.5902777770833333 0.8212890625 0.5694444437499999 0.8056640625 0.5520833333333334 0.7666015625 0.5520833333333334 0.7412109375 0.5416666666666666 0.73046875 0.5295138895833333 0.7177734375 0.5277777770833334 0.701171875 0.5538194437499999 0.6953125 0.578125 0.701171875 0.5850694437499999 0.7021484375 0.5972222229166667 0.7138671875 0.5972222229166667 0.7255859375 0.5868055562500001
5 0.732421875 0.234375 0.732421875 0.24131944375 0.7392578125 0.24652777708333332 0.7431640625 0.23958333333333334 0.7607421875 0.23958333333333334 0.763671875 0.24479166666666666 0.763671875 0.25173611041666666 0.748046875 0.28993055624999997 0.7529296875 0.2916666666666667 0.7666015625 0.28125 0.779296875 0.3177083333333333 0.849609375 0.4670138895833333 0.8623046875 0.4895833333333333 0.8720703125 0.4895833333333333 0.873046875 0.48090277708333334 0.86328125 0.453125 0.82421875 0.3802083333333333 0.802734375 0.33159722291666666 0.787109375 0.25173611041666666 0.7900390625 0.24305555625 0.8251953125 0.23611111041666666 0.9306640625 0.22916666666666666 0.9453125 0.21354166666666666 0.9423828125 0.20486111041666666 0.935546875 0.203125 0.8310546875 0.21180555625 0.8076171875 0.21875 0.7802734375 0.21875 0.7724609375 0.20833333333333334 0.7607421875 0.20486111041666666 0.7451171875 0.21527777708333332 0.732421875 0.234375
13 0.3505859375 0.7986111104166667 0.420297221875 0.79066525625 0.42740303593749995 0.7969786666666666 0.43323997031249994 0.7938219645833333 0.4504969609375 0.7969786666666666 0.4716796875 0.7951388895833333 0.48046875 0.7864583333333334 0.48145806562500004 0.7636077083333334 0.4580078125 0.7604166666666666 0.4327324 0.7685682625 0.4248046875 0.7673611104166667 0.4189453125 0.78125 0.3505859375 0.7881944437499999 0.34765625 0.7934027770833333 0.3505859375 0.7986111104166667
5 0.299125509375 0.9242752562500001 0.3046875 0.9045138895833333 0.314453125 0.7170138895833333 0.3310546875 0.6631944437499999 0.3359375 0.7204861104166667 0.3359375 0.9079861104166667 0.337890625 0.9184027770833333 0.3427734375 0.9236111104166667 0.34765625 0.9114583333333334 0.34765625 0.7517361104166667 0.34375 0.6371527770833333 0.345703125 0.5954861104166667 0.3388671875 0.5763888895833333 0.3203125 0.5642361104166667 0.3095703125 0.5625 0.302734375 0.5746527770833333 0.318359375 0.6267361104166667 0.306640625 0.6684027770833333 0.294921875 0.8385416666666666 0.29296875 0.9114583333333334 0.299125509375 0.9242752562500001
13 0.25759876406250004 0.6852952520833333 0.26161455624999996 0.6745913416666667 0.35741976875 0.7872373291666667 0.3671724234375 0.7857082020833333 0.26591718593749997 0.6659262625 0.26993297968749996 0.6552223333333332 0.2626953125 0.6458333333333334 0.2470703125 0.6319444437499999 0.2216796875 0.5868055562500001 0.1953125 0.5642361104166667 0.1845703125 0.5659722229166667 0.177734375 0.5815972229166667 0.1796875 0.5989583333333334 0.1884765625 0.6145833333333334 0.2119140625 0.6423611104166667 0.2392578125 0.6597222229166667 0.25759876406250004 0.6852952520833333