13 0.404296875 0.5538194437499999 0.4013671875 0.5486111104166667 0.396484375 0.5538194437499999 0.3648227234375 0.6781661333333333 0.3562130234375 0.678693725 0.3515625 0.7065972229166667 0.330078125 0.765625 0.326171875 0.8003472229166667 0.33203125 0.8107638895833333 0.3408203125 0.8125 0.357421875 0.7725694437499999 0.365234375 0.7170138895833333 0.3755106171875 0.6961031062499999 0.3710573265625 0.680803925 0.40234375 0.5642361104166667 0.404296875 0.5538194437499999
13 0.4690297265625 0.51567814375 0.4580078125 0.5173611104166667 0.4521484375 0.5277777770833334 0.4326171875 0.5347222229166667 0.425981246875 0.5473316354166666 0.454779209375 0.5399458208333333 0.458984375 0.546875 0.470217275 0.54363874375 0.4931640625 0.5451388895833333 0.50390625 0.5329861104166667 0.50390625 0.50868055625 0.4951171875 0.5 0.4794921875 0.5034722229166666 0.4690297265625 0.51567814375
13 0.5034685046875 0.45289869166666663 0.4794207390625 0.44709555624999997 0.4717017046875 0.4565915979166667 0.3994140625 0.44444444375000003 0.3837890625 0.4375 0.3759765625 0.4375 0.373046875 0.4427083333333333 0.3759765625 0.4513888895833333 0.3818359375 0.4548611104166667 0.4677734375 0.46875 0.4755859375 0.4861111104166667 0.4951171875 0.4861111104166667 0.521484375 0.5017361104166667 0.5498046875 0.5034722229166666 0.556640625 0.4947916666666667 0.55859375 0.47743055624999997 0.5537109375 0.46527777708333334 0.5419921875 0.4548611104166667 0.5244140625 0.4479166666666667 0.5034685046875 0.45289869166666663
13 0.4443359375 0.34722222291666666 0.4404296875 0.34027777708333334 0.4336420140625 0.3444601125 0.4169921875 0.34027777708333334 0.4013671875 0.34375 0.3984375 0.3489583333333333 0.400390625 0.36631944375000003 0.428594959375 0.36714511875 0.43304824999999997 0.36239710625000005 0.4404296875 0.3645833333333333 0.4443359375 0.3541666666666667 0.5090510765625 0.34868057500000005 0.5084573140625 0.34129477083333337 0.4443359375 0.34722222291666666
13 0.3642578125 0.25694444375 0.359375 0.265625 0.359375 0.2829861104166667 0.3623046875 0.28819444375000003 0.4130859375 0.30555555624999997 0.422360334375 0.31491685 0.4287109375 0.30555555624999997 0.470703125 0.32465277708333334 0.4844095484375 0.3275782395833333 0.47431541718750003 0.31597197083333334 0.4315638203125 0.2948696354166667 0.4297824859375 0.28115310625 0.417016421875 0.28115310625 0.3818359375 0.2604166666666667 0.3642578125 0.25694444375
13 0.53131753125 0.25319251458333336 0.4716796875 0.19791666666666666 0.462890625 0.19618055625 0.4755859375 0.21527777708333332 0.5224609375 0.25347222291666666 0.53125 0.265625 0.5322265625 0.27777777708333334 0.5517578125 0.2916666666666667 0.5732421875 0.3229166666666667 0.59765625 0.3385416666666667 0.6025390625 0.34027777708333334 0.611328125 0.328125 0.611328125 0.3072916666666667 0.5908203125 0.28125 0.5517578125 0.2604166666666667 0.5419921875 0.24652777708333332 0.53131753125 0.25319251458333336
13 0.6962890625 0.46180555624999997 0.6826171875 0.46180555624999997 0.6171875 0.42534722291666666 0.6201171875 0.43402777708333334 0.6357421875 0.4479166666666667 0.6787109375 0.47222222291666666 0.6923828125 0.4895833333333333 0.7001953125 0.4895833333333333 0.7177734375 0.50694444375 0.75 0.5260416666666666 0.7529296875 0.5277777770833334 0.7578125 0.5190972229166666 0.7578125 0.5052083333333334 0.7509765625 0.49652777708333334 0.7138671875 0.47222222291666666 0.7060546875 0.47222222291666666 0.6962890625 0.46180555624999997
13 0.4853515625 0.3923611104166667 0.4951171875 0.3923611104166667 0.5107421875 0.40277777708333334 0.5361328125 0.40625 0.5419921875 0.41319444375000003 0.5673828125 0.41319444375000003 0.599609375 0.42534722291666666 0.619140625 0.42534722291666666 0.6044921875 0.41319444375000003 0.5576171875 0.39930555624999997 0.5478515625 0.3888888895833333 0.4892578125 0.3645833333333333 0.482421875 0.38368055624999997 0.4853515625 0.3923611104166667
13 0.547141578125 0.5587158020833333 0.5361328125 0.5555555562500001 0.470703125 0.546875 0.4736328125 0.5555555562500001 0.547141578125 0.5697945291666666 0.5556640625 0.5868055562500001 0.5615234375 0.5833333333333334 0.5842523359375 0.59247955625 0.6015625 0.6024305562500001 0.6240234375 0.6006944437499999 0.62890625 0.5850694437499999 0.626953125 0.5711805562500001 0.6130502734375 0.5602984729166667 0.564064075 0.5566055708333334 0.5537109375 0.5486111104166667 0.547141578125 0.5587158020833333
16 0.6767578125 0.4861111104166667 0.66392040625 0.4853120083333333 0.6593236171875 0.48841035416666667 0.5908203125 0.46180555624999997 0.5791015625 0.4513888895833333 0.5751953125 0.4513888895833333 0.5703125 0.4635416666666667 0.5751953125 0.47569444375000003 0.5888671875 0.47569444375000003 0.6064453125 0.4861111104166667 0.6435546875 0.49652777708333334 0.6630859375 0.50694444375 0.66796875 0.515625 0.6748046875 0.5173611104166667 0.6808809609375001 0.5103804375 0.6805639453125 0.5061554208333333 0.6720044093750001 0.5061554208333333 0.6713703671875 0.49348037291666663 0.68103946875 0.491790375 0.6767578125 0.4861111104166667
16 0.7685546875 0.6840277770833333 0.7626953125 0.6840277770833333 0.7578125 0.6927083333333334 0.755859375 0.7204861104166667 0.732421875 0.8177083333333334 0.72265625 0.8524305562500001 0.7109375 0.8732638895833333 0.7118392640625 0.8850453708333333 0.7148509546875 0.8949037416666666 0.7183381671875 0.8760320104166667 0.7254711125 0.8796936791666667 0.7256296203125 0.89772041875 0.732421875 0.8871527770833333 0.73046875 0.8663194437499999 0.732421875 0.8524305562500001 0.767578125 0.7170138895833333 0.7734375 0.7065972229166667 0.7734375 0.6927083333333334 0.7685546875 0.6840277770833333
13 0.60391065 0.8122018125 0.6038326515625 0.8003472229166667 0.5975702546874999 0.7871333895833333 0.573468465625 0.7882164604166667 0.5672948671875 0.7922034083333334 0.56284830625 0.7946948166666666 0.5395556359375 0.810793475 0.5292524921874999 0.8105118104166666 0.5243386765625 0.8254401979166667 0.47805379062500003 0.8420586 0.464897465625 0.8533253083333334 0.4807484546875 0.8533253083333334 0.525131225 0.8367069083333334 0.53194715625 0.8448752770833334 0.5462154640625 0.8368055562500001 0.5813717140625 0.8368055562500001 0.5989498390625 0.8229166666666666 0.60391065 0.8122018125
13 0.7040245875 0.5664916166666667 0.6982421875 0.5590277770833333 0.6923828125 0.5590277770833333 0.677734375 0.5850694437499999 0.6640625 0.6336805562500001 0.658203125 0.640625 0.65625 0.6510416666666666 0.6583737453125 0.6583153020833333 0.62889090625 0.7360556041666667 0.63671875 0.7274305562500001 0.6623364921875 0.6616953166666666 0.6689453125 0.6631944437499999 0.6796875 0.6336805562500001 0.697265625 0.6024305562500001 0.705078125 0.5746527770833333 0.7040245875 0.5664916166666667
13 0.767578125 0.6614583333333334 0.767578125 0.6475694437499999 0.7626953125 0.6354166666666666 0.7568359375 0.6319444437499999 0.7353515625 0.6423611104166667 0.7080078125 0.6736111104166667 0.6923828125 0.6805555562500001 0.6865234375 0.6979166666666666 0.615659203125 0.7565667770833334 0.617521665625 0.76135511875 0.6920213171875 0.7084015874999999 0.6940819375 0.71459826875 0.7041015625 0.7118055562500001 0.7119140625 0.7013888895833333 0.7490234375 0.6840277770833333 0.767578125 0.6614583333333334
16 0.833984375 0.5642361104166667 0.833984375 0.4982638895833333 0.83984375 0.48090277708333334 0.83984375 0.4670138895833333 0.8310546875 0.4479166666666667 0.8251953125 0.4479166666666667 0.8251953125 0.47222222291666666 0.8193359375 0.47569444375000003 0.814453125 0.45659722291666666 0.8095703125 0.4548611104166667 0.806640625 0.46006944375000003 0.806640625 0.48090277708333334 0.814453125 0.4982638895833333 0.8203125 0.5260416666666666 0.828125 0.6961805562500001 0.828125 0.734375 0.82421875 0.7447916666666666 0.82421875 0.7621527770833333 0.830078125 0.7725694437499999 0.8408203125 0.7743055562500001 0.84765625 0.7621527770833333 0.84765625 0.7447916666666666 0.841796875 0.7309027770833333 0.83984375 0.7100694437499999 0.837890625 0.609375 0.833984375 0.5642361104166667
16 0.8798828125 0.52430555625 0.8916015625 0.5173611104166667 0.8984375 0.5052083333333334 0.8984375 0.4947916666666667 0.8916015625 0.4826388895833333 0.8837890625 0.4826388895833333 0.880859375 0.48784722291666666 0.87890625 0.50868055625 0.869140625 0.52256944375 0.873046875 0.6649305562500001 0.87890625 0.7586805562500001 0.859375 0.7795138895833333 0.859375 0.7899305562500001 0.865234375 0.8038194437499999 0.8720703125 0.8055555562500001 0.875 0.8003472229166667 0.875 0.7864583333333334 0.88671875 0.7725694437499999 0.8828125 0.6232638895833333 0.876953125 0.5329861104166667 0.8798828125 0.52430555625
13 0.587054425 0.6388888895833333 0.571429425 0.6458333333333334 0.54994505 0.6736111104166667 0.5304138 0.6875 0.529331934375 0.7034488041666667 0.4761380453125 0.7523319645833334 0.4769801734375 0.7565718312499999 0.530595115625 0.7116791291666666 0.540179425 0.7152777770833333 0.551898175 0.7013888895833333 0.575335675 0.6909722229166667 0.5958434875 0.6649305562500001 0.5958434875 0.6510416666666666 0.587054425 0.6388888895833333
16 0.3388671875 0.14930555625 0.3251953125 0.14930555625 0.318359375 0.16145833333333334 0.314453125 0.17881944375 0.3193359375 0.18402777708333332 0.3271484375 0.17013888958333334 0.33203125 0.17534722291666668 0.333984375 0.18229166666666666 0.326171875 0.19965277708333332 0.3388671875 0.19791666666666666 0.3544921875 0.15625 0.4228515625 0.07986111041666667 0.431640625 0.06423611041666667 0.4111328125 0.06597222291666667 0.3466796875 0.14236111041666666 0.3388671875 0.14930555625
16 0.470703125 0.8454861104166667 0.47265625 0.8246527770833333 0.4658203125 0.8055555562500001 0.4541015625 0.8020833333333334 0.4365234375 0.8263888895833333 0.4033203125 0.8472222229166667 0.3916015625 0.8472222229166667 0.3134765625 0.8854166666666666 0.3017578125 0.8854166666666666 0.2919921875 0.8784722229166667 0.2783203125 0.8819444437499999 0.26953125 0.8940972229166667 0.2724609375 0.8993055562500001 0.2822265625 0.8993055562500001 0.287109375 0.9184027770833333 0.2822265625 0.9270833333333334 0.2744140625 0.9236111104166667 0.26953125 0.9322916666666666 0.27734375 0.9427083333333334 0.2919921875 0.9444444437499999 0.3095703125 0.9166666666666666 0.3466796875 0.8958333333333334 0.3720703125 0.8888888895833333 0.4384765625 0.8541666666666666 0.4619140625 0.8576388895833333 0.470703125 0.8454861104166667
16 0.5383147140625 0.65288398125 0.532047203125 0.6607877895833333 0.5144577375 0.6557580875000001 0.4293408703125 0.7976675583333334 0.4052734375 0.8368055562500001 0.3857421875 0.8263888895833333 0.376953125 0.8385416666666666 0.376953125 0.8524305562500001 0.4072265625 0.8472222229166667 0.5126953125 0.6701388895833333 0.5224609375 0.6701388895833333 0.5361328125 0.6805555562500001 0.544921875 0.6684027770833333 0.544921875 0.6545138895833333 0.5383147140625 0.65288398125
16 0.683879046875 0.8197603729166667 0.6834628578124999 0.8112556604166666 0.69140625 0.8003472229166667 0.6865234375 0.7951388895833333 0.6787109375 0.7986111104166667 0.6728515625 0.8159722229166667 0.6552734375 0.8368055562500001 0.6103515625 0.8854166666666666 0.5962731359375 0.9000005229166667 0.589822365625 0.9025889458333333 0.587890625 0.9114583333333334 0.591796875 0.921875 0.5986328125 0.9236111104166667 0.6142578125 0.8993055562500001 0.6376953125 0.8784722229166667 0.6689453125 0.8402777770833333 0.6923828125 0.8263888895833333 0.694699721875 0.8179115208333333 0.683879046875 0.8197603729166667
16 0.408203125 0.24131944375 0.4052734375 0.22916666666666666 0.3974609375 0.23611111041666666 0.3916015625 0.22222222291666668 0.384765625 0.234375 0.384765625 0.25868055625 0.365234375 0.33159722291666666 0.34375 0.4010416666666667 0.33203125 0.421875 0.333984375 0.4357638895833333 0.33984375 0.4427083333333333 0.3427734375 0.44444444375000003 0.349609375 0.4357638895833333 0.3515625 0.41493055624999997 0.37109375 0.3454861104166667 0.39453125 0.27256944375000003 0.40625 0.25173611041666666 0.408203125 0.24131944375
13 0.3740234375 0.47569444375000003 0.373046875 0.484375 0.42057122343750003 0.5875326041666666 0.4174310859375 0.5986924958333333 0.427734375 0.6128472229166667 0.431640625 0.6302083333333334 0.453125 0.671875 0.4560546875 0.6736111104166667 0.4659605390625 0.6575355395833333 0.462890625 0.6475694437499999 0.435546875 0.5954861104166667 0.43359375 0.5850694437499999 0.42371135937500004 0.5814453875000001 0.3740234375 0.47569444375000003
16 0.3310546875 0.5104166666666666 0.3212890625 0.5104166666666666 0.3115234375 0.5347222229166667 0.2548828125 0.6076388895833333 0.2333984375 0.6319444437499999 0.2216796875 0.6319444437499999 0.2158203125 0.6388888895833333 0.2113236359375 0.6529701437500001 0.2230278140625 0.6494193041666667 0.22416966718750003 0.6646373354166666 0.21474923437500001 0.6778262479166667 0.2294921875 0.6770833333333334 0.2451171875 0.6423611104166667 0.3193359375 0.5486111104166667 0.3310546875 0.5416666666666666 0.3359375 0.5295138895833333 0.333984375 0.515625 0.3310546875 0.5104166666666666
5 0.2744140625 0.41319444375000003 0.2646484375 0.41319444375000003 0.2548828125 0.3958333333333333 0.2275390625 0.38194444375000003 0.2158203125 0.3645833333333333 0.1982421875 0.3541666666666667 0.1845703125 0.3541666666666667 0.1279296875 0.31597222291666666 0.1201171875 0.3125 0.11328125 0.32118055624999997 0.11328125 0.328125 0.1220703125 0.34027777708333334 0.1591796875 0.3611111104166667 0.1826171875 0.38194444375000003 0.2060546875 0.3958333333333333 0.2158203125 0.3923611104166667 0.23828125 0.42534722291666666 0.2119140625 0.4201388895833333 0.2021484375 0.40972222291666666 0.1865234375 0.40277777708333334 0.1552734375 0.39930555624999997 0.1181640625 0.3854166666666667 0.0986328125 0.3854166666666667 0.095703125 0.390625 0.095703125 0.4045138895833333 0.1005859375 0.40972222291666666 0.1787109375 0.43055555624999997 0.1943359375 0.4479166666666667 0.2333984375 0.4479166666666667 0.2587890625 0.4583333333333333 0.26953125 0.4704861104166667 0.2822265625 0.47222222291666666 0.298828125 0.44618055624999997 0.3046875 0.421875 0.298828125 0.41493055624999997 0.2978515625 0.40277777708333334 0.2861328125 0.40277777708333334 0.2744140625 0.41319444375000003
5 0.267578125 0.765625 0.267578125 0.7586805562500001 0.2607421875 0.7534722229166667 0.2568359375 0.7604166666666666 0.2392578125 0.7604166666666666 0.236328125 0.7552083333333334 0.236328125 0.7482638895833333 0.251953125 0.7100694437499999 0.2470703125 0.7083333333333334 0.2333984375 0.71875 0.220703125 0.6822916666666666 0.150390625 0.5329861104166667 0.1376953125 0.5104166666666666 0.1279296875 0.5104166666666666 0.126953125 0.5190972229166666 0.13671875 0.546875 0.17578125 0.6197916666666666 0.197265625 0.6684027770833333 0.212890625 0.7482638895833333 0.2099609375 0.7569444437499999 0.1748046875 0.7638888895833333 0.0693359375 0.7708333333333334 0.0546875 0.7864583333333334 0.0576171875 0.7951388895833333 0.064453125 0.796875 0.1689453125 0.7881944437499999 0.1923828125 0.78125 0.2197265625 0.78125 0.2275390625 0.7916666666666666 0.2392578125 0.7951388895833333 0.2548828125 0.7847222229166667 0.267578125 0.765625
13 0.6494140625 0.20138888958333334 0.5797027781249999 0.20933474375 0.5725969640625 0.20302133333333333 0.5667600296875 0.20617803541666666 0.5495030390625 0.20302133333333333 0.5283203125 0.20486111041666666 0.51953125 0.21354166666666666 0.518541934375 0.23639229166666667 0.5419921875 0.23958333333333334 0.5672676 0.23143173749999998 0.5751953125 0.23263888958333334 0.5810546875 0.21875 0.6494140625 0.21180555625 0.65234375 0.20659722291666668 0.6494140625 0.20138888958333334
5 0.700874490625 0.07572474374999999 0.6953125 0.09548611041666667 0.685546875 0.2829861104166667 0.6689453125 0.33680555624999997 0.6640625 0.2795138895833333 0.6640625 0.09201388958333333 0.662109375 0.08159722291666666 0.6572265625 0.07638888958333333 0.65234375 0.08854166666666667 0.65234375 0.24826388958333334 0.65625 0.36284722291666666 0.654296875 0.4045138895833333 0.6611328125 0.4236111104166667 0.6796875 0.4357638895833333 0.6904296875 0.4375 0.697265625 0.42534722291666666 0.681640625 0.3732638895833333 0.693359375 0.33159722291666666 0.705078125 0.16145833333333334 0.70703125 0.08854166666666667 0.700874490625 0.07572474374999999
13 0.7424012359375001 0.31470474791666664 0.73838544375 0.3254086583333333 0.64258023125 0.21276267083333333 0.6328275765625 0.21429179791666667 0.7340828140625 0.33407373749999997 0.7300670203124999 0.34477766666666665 0.7373046875 0.3541666666666667 0.7529296875 0.36805555624999997 0.7783203125 0.41319444375000003 0.8046875 0.4357638895833333 0.8154296875 0.43402777708333334 0.822265625 0.41840277708333334 0.8203125 0.4010416666666667 0.8115234375 0.3854166666666667 0.7880859375 0.3576388895833333 0.7607421875 0.34027777708333334 0.7424012359375001 0.31470474791666664