13 0.5309702734374999 0.48432185625 0.5419921875 0.4826388895833333 0.5478515625 0.47222222291666666 0.5673828125 0.46527777708333334 0.5740187531250001 0.4526683645833333 0.545220790625 0.4600541791666667 0.541015625 0.453125 0.529782725 0.45636125625 0.5068359375 0.4548611104166667 0.49609375 0.4670138895833333 0.49609375 0.49131944375000003 0.5048828125 0.5 0.5205078125 0.49652777708333334 0.5309702734374999 0.48432185625
13 0.5556640625 0.6527777770833333 0.5595703125 0.6597222229166667 0.5663579859375 0.6555398875 0.5833493171875 0.6570060541666667 0.5985662765625 0.6522177229166667 0.6015625 0.6510416666666666 0.6001513765625 0.6285576395833333 0.571405040625 0.63285488125 0.5669517500000001 0.63760289375 0.5595703125 0.6354166666666666 0.5556640625 0.6458333333333334 0.49157209843749994 0.6550344 0.4926026125 0.66179791875 0.5556640625 0.6527777770833333
13 0.6357421875 0.7430555562500001 0.640625 0.734375 0.640625 0.7170138895833333 0.6376953125 0.7118055562500001 0.5869140625 0.6944444437499999 0.577639665625 0.6850831500000001 0.5712890625 0.6944444437499999 0.529296875 0.6753472229166667 0.5155904515625 0.6724217604166667 0.5256845828125 0.6840280291666667 0.5684361796874999 0.7051303645833333 0.5702175140625 0.71884689375 0.582983578125 0.71884689375 0.6181640625 0.7395833333333334 0.6357421875 0.7430555562500001
13 0.517578125 0.6163194437499999 0.5148261468750001 0.6113506104166666 0.5048828125 0.6076388895833333 0.4638671875 0.59375 0.4580078125 0.5868055562500001 0.44918199375 0.58561594375 0.444585215625 0.5901226333333334 0.40083661875 0.5696297541666666 0.380388840625 0.5682214145833334 0.3784865828125 0.5729408958333334 0.3962398296875 0.5828681604166667 0.4423828125 0.6006944437499999 0.4521484375 0.6111111104166667 0.512289990625 0.6386723833333333 0.517578125 0.6163194437499999
16 0.3232421875 0.5138888895833333 0.33607959374999996 0.5146879916666667 0.3406763828125 0.5115896458333333 0.4091796875 0.5381944437499999 0.4208984375 0.5486111104166667 0.4248046875 0.5486111104166667 0.4296875 0.5364583333333334 0.4248046875 0.52430555625 0.4111328125 0.52430555625 0.3935546875 0.5138888895833333 0.3564453125 0.5034722229166666 0.3369140625 0.49305555624999997 0.33203125 0.484375 0.3251953125 0.4826388895833333 0.3191190390625 0.4896195625 0.3194360546875 0.4938445791666667 0.327995590625 0.4938445791666667 0.3286296328125 0.5065196270833333 0.31896053125 0.508209625 0.3232421875 0.5138888895833333
16 0.166015625 0.4357638895833333 0.166015625 0.5017361104166667 0.16015625 0.5190972229166666 0.16015625 0.5329861104166667 0.1689453125 0.5520833333333334 0.1748046875 0.5520833333333334 0.1748046875 0.5277777770833334 0.1806640625 0.52430555625 0.185546875 0.5434027770833333 0.1904296875 0.5451388895833333 0.193359375 0.5399305562500001 0.193359375 0.5190972229166666 0.185546875 0.5017361104166667 0.1796875 0.4739583333333333 0.171875 0.30381944375000003 0.171875 0.265625 0.17578125 0.2552083333333333 0.17578125 0.23784722291666668 0.169921875 0.22743055625 0.1591796875 0.22569444375 0.15234375 0.23784722291666668 0.15234375 0.2552083333333333 0.158203125 0.26909722291666666 0.16015625 0.28993055624999997 0.1649088921875 0.38998481458333334 0.166015625 0.4357638895833333
16 0.1201171875 0.47569444375000003 0.1083984375 0.4826388895833333 0.1015625 0.4947916666666667 0.1015625 0.5052083333333334 0.1083984375 0.5173611104166667 0.1162109375 0.5173611104166667 0.119140625 0.5121527770833334 0.12109375 0.49131944375000003 0.130859375 0.47743055624999997 0.126953125 0.33506944375000003 0.12109375 0.24131944375 0.140625 0.22048611041666666 0.140625 0.21006944375 0.134765625 0.19618055625 0.1279296875 0.19444444375 0.125 0.19965277708333332 0.125 0.21354166666666666 0.11328125 0.22743055625 0.1171875 0.3767361104166667 0.123046875 0.4670138895833333 0.1201171875 0.47569444375000003
16 0.6611328125 0.8506944437499999 0.6748046875 0.8506944437499999 0.681640625 0.8385416666666666 0.685546875 0.8211805562500001 0.6806640625 0.8159722229166667 0.6728515625 0.8298611104166667 0.66796875 0.8246527770833333 0.666015625 0.8177083333333334 0.673828125 0.8003472229166667 0.6611328125 0.8020833333333334 0.6455078125 0.84375 0.5771484375 0.9201388895833333 0.568359375 0.9357638895833333 0.5888671875 0.9340277770833333 0.6533203125 0.8576388895833333 0.6611328125 0.8506944437499999
16 0.529296875 0.15451388958333334 0.52734375 0.17534722291666668 0.5341796875 0.19444444375 0.5458984375 0.19791666666666666 0.5634765625 0.17361111041666666 0.5966796875 0.15277777708333332 0.6083984375 0.15277777708333332 0.6865234375 0.11458333333333333 0.6982421875 0.11458333333333333 0.7080078125 0.12152777708333334 0.7216796875 0.11805555625 0.73046875 0.10590277708333334 0.7275390625 0.10069444375 0.7177734375 0.10069444375 0.712890625 0.08159722291666666 0.7177734375 0.07291666666666667 0.7255859375 0.07638888958333333 0.73046875 0.06770833333333333 0.72265625 0.057291666666666664 0.7080078125 0.05555555625 0.6904296875 0.08333333333333333 0.6533203125 0.10416666666666667 0.6279296875 0.11111111041666667 0.5615234375 0.14583333333333334 0.5380859375 0.14236111041666666 0.529296875 0.15451388958333334
16 0.4638671875 0.31944444375000003 0.455078125 0.33159722291666666 0.455078125 0.3454861104166667 0.4616852859375 0.34711601875000003 0.467952796875 0.3392122104166667 0.48822961718749996 0.3467487979166667 0.5969478968749999 0.16818155625 0.620779703125 0.17807505208333335 0.6290083859375 0.15769267708333334 0.623046875 0.14756944375 0.6129065265625 0.1606489229166667 0.6004388359374999 0.15444562083333332 0.594204990625 0.15843344791666666 0.4849880296875 0.33434214375 0.4873046875 0.3298611104166667 0.4775390625 0.3298611104166667 0.4638671875 0.31944444375000003
16 0.316120953125 0.18023962708333335 0.3165371421875 0.18874433958333334 0.30859375 0.19965277708333332 0.3134765625 0.20486111041666666 0.3212890625 0.20138888958333334 0.3271484375 0.18402777708333332 0.3447265625 0.16319444375 0.3896484375 0.11458333333333333 0.4037268640625 0.09999947708333333 0.410177634375 0.09741105416666666 0.412109375 0.08854166666666667 0.408203125 0.078125 0.4013671875 0.07638888958333333 0.3857421875 0.10069444375 0.3623046875 0.12152777708333334 0.3310546875 0.15972222291666668 0.3076171875 0.17361111041666666 0.305300278125 0.18208847916666665 0.316120953125 0.18023962708333335
13 0.6259765625 0.52430555625 0.626953125 0.515625 0.5794287765624999 0.41246739583333336 0.5825689140625 0.40130750416666666 0.572265625 0.38715277708333334 0.568359375 0.3697916666666667 0.546875 0.328125 0.5439453125 0.3263888895833333 0.5340394609375 0.3424644604166666 0.537109375 0.35243055624999997 0.564453125 0.4045138895833333 0.56640625 0.41493055624999997 0.576288640625 0.41855461250000003 0.6259765625 0.52430555625
16 0.6689453125 0.4895833333333333 0.6787109375 0.4895833333333333 0.6884765625 0.46527777708333334 0.7451171875 0.3923611104166667 0.7666015625 0.36805555624999997 0.7783203125 0.36805555624999997 0.7841796875 0.3611111104166667 0.7886763640625001 0.34702985625 0.7769721859375001 0.3505806958333333 0.7758303328125 0.3353626645833333 0.7852507656250001 0.3221737520833334 0.7705078125 0.3229166666666667 0.7548828125 0.3576388895833333 0.6806640625 0.4513888895833333 0.6689453125 0.4583333333333333 0.6640625 0.4704861104166667 0.666015625 0.484375 0.6689453125 0.4895833333333333
5 0.7255859375 0.5868055562500001 0.7353515625 0.5868055562500001 0.7451171875 0.6041666666666666 0.7724609375 0.6180555562500001 0.7841796875 0.6354166666666666 0.8017578125 0.6458333333333334 0.8154296875 0.6458333333333334 0.8720703125 0.6840277770833333 0.8798828125 0.6875 0.88671875 0.6788194437499999 0.88671875 0.671875 0.8779296875 0.6597222229166667 0.8408203125 0.6388888895833333 0.8173828125 0.6180555562500001 0.7939453125 0.6041666666666666 0.7841796875 0.6076388895833333 0.76171875 0.5746527770833333 0.7880859375 0.5798611104166667 0.7978515625 0.5902777770833333 0.8134765625 0.5972222229166667 0.8447265625 0.6006944437499999 0.8818359375 0.6145833333333334 0.9013671875 0.6145833333333334 0.904296875 0.609375 0.904296875 0.5954861104166667 0.8994140625 0.5902777770833333 0.8212890625 0.5694444437499999 0.8056640625 0.5520833333333334 0.7666015625 0.5520833333333334 0.7412109375 0.5416666666666666 0.73046875 0.5295138895833333 0.7177734375 0.5277777770833334 0.701171875 0.5538194437499999 0.6953125 0.578125 0.701171875 0.5850694437499999 0.7021484375 0.5972222229166667 0.7138671875 0.5972222229166667 0.7255859375 0.5868055562500001
5 0.732421875 0.234375 0.732421875 0.24131944375 0.7392578125 0.24652777708333332 0.7431640625 0.23958333333333334 0.7607421875 0.23958333333333334 0.763671875 0.24479166666666666 0.763671875 0.25173611041666666 0.748046875 0.28993055624999997 0.7529296875 0.2916666666666667 0.7666015625 0.28125 0.779296875 0.3177083333333333 0.849609375 0.4670138895833333 0.8623046875 0.4895833333333333 0.8720703125 0.4895833333333333 0.873046875 0.48090277708333334 0.86328125 0.453125 0.82421875 0.3802083333333333 0.802734375 0.33159722291666666 0.787109375 0.25173611041666666 0.7900390625 0.24305555625 0.8251953125 0.23611111041666666 0.9306640625 0.22916666666666666 0.9453125 0.21354166666666666 0.9423828125 0.20486111041666666 0.935546875 0.203125 0.8310546875 0.21180555625 0.8076171875 0.21875 0.7802734375 0.21875 0.7724609375 0.20833333333333334 0.7607421875 0.20486111041666666 0.7451171875 0.21527777708333332 0.732421875 0.234375
5 0.299125509375 0.9242752562500001 0.3046875 0.9045138895833333 0.314453125 0.7170138895833333 0.3310546875 0.6631944437499999 0.3359375 0.7204861104166667 0.3359375 0.9079861104166667 0.337890625 0.9184027770833333 0.3427734375 0.9236111104166667 0.34765625 0.9114583333333334 0.34765625 0.7517361104166667 0.34375 0.6371527770833333 0.345703125 0.5954861104166667 0.3388671875 0.5763888895833333 0.3203125 0.5642361104166667 0.3095703125 0.5625 0.302734375 0.5746527770833333 0.318359375 0.6267361104166667 0.306640625 0.6684027770833333 0.294921875 0.8385416666666666 0.29296875 0.9114583333333334 0.299125509375 0.9242752562500001
13 0.25759876406250004 0.6852952520833333 0.26161455624999996 0.6745913416666667 0.35741976875 0.7872373291666667 0.3671724234375 0.7857082020833333 0.26591718593749997 0.6659262625 0.26993297968749996 0.6552223333333332 0.2626953125 0.6458333333333334 0.2470703125 0.6319444437499999 0.2216796875 0.5868055562500001 0.1953125 0.5642361104166667 0.1845703125 0.5659722229166667 0.177734375 0.5815972229166667 0.1796875 0.5989583333333334 0.1884765625 0.6145833333333334 0.2119140625 0.6423611104166667 0.2392578125 0.6597222229166667 0.25759876406250004 0.6852952520833333
12 0.625 0.3802083333333333 0.6318359375 0.39930555624999997 0.6435546875 0.40277777708333334 0.650390625 0.39409722291666666 0.654296875 0.3802083333333333 0.654296875 0.35243055624999997 0.701171875 0.24131944375 0.71875 0.22048611041666666 0.748046875 0.15798611041666666 0.759765625 0.11979166666666667 0.759765625 0.10590277708333334 0.751953125 0.09548611041666667 0.7373046875 0.10416666666666667 0.724609375 0.13020833333333334 0.703125 0.18576388958333334 0.6953125 0.22743055625 0.6484375 0.3420138895833333 0.626953125 0.36284722291666666 0.625 0.3802083333333333
12 0.310546875 0.4357638895833333 0.2890625 0.49131944375000003 0.2890625 0.50868055625 0.2919921875 0.5138888895833333 0.3017578125 0.5138888895833333 0.3291015625 0.4861111104166667 0.361328125 0.42534722291666666 0.359983421875 0.40949403333333334 0.4091796875 0.3263888895833333 0.4306640625 0.3125 0.443359375 0.28993055624999997 0.44548950937500004 0.2785138916666667 0.443359375 0.265625 0.4338156578125 0.24784866666666666 0.42645605 0.24965250833333333 0.4208984375 0.25347222291666666 0.404296875 0.2829861104166667 0.3984375 0.3142361104166667 0.35171898281249997 0.3954759208333333 0.3479624265625 0.39013568958333333 0.310546875 0.4357638895833333
12 0.20703125 0.42881944375000003 0.19921875 0.4739583333333333 0.201171875 0.5052083333333334 0.2080078125 0.5208333333333334 0.2158203125 0.5277777770833334 0.2275390625 0.5277777770833334 0.234375 0.5121527770833334 0.234375 0.4739583333333333 0.21875 0.4357638895833333 0.216796875 0.41493055624999997 0.21159946875000002 0.31871000833333335 0.216796875 0.30034722291666666 0.21484375 0.234375 0.203125 0.171875 0.197265625 0.16145833333333334 0.1884765625 0.15972222291666668 0.18359375 0.171875 0.181640625 0.22048611041666666 0.1875 0.2864583333333333 0.193359375 0.3142361104166667 0.19921875 0.32465277708333334 0.20703125 0.42881944375000003
12 0.0322265625 0.11805555625 0.0087890625 0.13541666666666666 0.005859375 0.14756944375 0.0205078125 0.18055555625 0.0380859375 0.18055555625 0.0458984375 0.17361111041666666 0.0576171875 0.14583333333333334 0.0673828125 0.13541666666666666 0.10113707499999999 0.12170401875 0.1220703125 0.11111111041666667 0.1357421875 0.11805555625 0.1884765625 0.09027777708333334 0.2041015625 0.07638888958333333 0.2109375 0.06423611041666667 0.2109375 0.05034722291666667 0.201171875 0.032986110416666665 0.1865234375 0.03125 0.1728515625 0.03819444375 0.1240234375 0.07291666666666667 0.1181640625 0.08680555625 0.0908203125 0.10416666666666667 0.0537109375 0.12152777708333334 0.0322265625 0.11805555625
16 0.24784631250000003 0.3142361104166667 0.24979943750000003 0.2829861104166667 0.2771431875 0.15104166666666666 0.2888619375 0.1267361104166667 0.2885395734375 0.11363181875 0.2841271203125 0.10365262083333333 0.281720340625 0.12111617708333333 0.2753449953125 0.12038753125 0.2736977171875 0.10400902916666667 0.2693306875 0.109375 0.2693306875 0.14409722291666668 0.23808068750000003 0.29340277708333334 0.23417443750000003 0.30034722291666666 0.23417443750000003 0.3107638895833333 0.23905725000000003 0.31944444375000003 0.24784631250000003 0.3142361104166667
13 0.30636525 0.5618847770833334 0.311138234375 0.5581741583333333 0.3564815109375 0.5682458895833334 0.380859375 0.5677083333333334 0.38153964687499997 0.5637401166666667 0.36423761718750003 0.5557887562499999 0.3106907625 0.54518694375 0.3037109375 0.5347222229166667 0.2880859375 0.5347222229166667 0.2685546875 0.52430555625 0.2421875 0.5190972229166666 0.2392578125 0.5173611104166667 0.234375 0.5260416666666666 0.2352467140625 0.5451877645833334 0.25114545312500003 0.5470684499999999 0.2649286703125 0.5512837854166667 0.2934173765625 0.5587050729166666 0.30636525 0.5618847770833334
13 0.43873814062500005 0.45056991041666666 0.4462890625 0.4513888895833333 0.4521484375 0.44444444375000003 0.5263671875 0.4479166666666667 0.529296875 0.4427083333333333 0.5224609375 0.43402777708333334 0.45199838124999997 0.42781935 0.4462890625 0.41319444375000003 0.4365234375 0.4166666666666667 0.408203125 0.4045138895833333 0.3818359375 0.40277777708333334 0.373046875 0.4114583333333333 0.37109375 0.42534722291666666 0.3759765625 0.4375 0.39194623281249996 0.4456948 0.435689809375 0.44461144166666666 0.43873814062500005 0.45056991041666666
13 0.5936026453125 0.44462047499999996 0.6328125 0.32465277708333334 0.64453125 0.3177083333333333 0.6456750296875 0.29819227291666667 0.671875 0.24131944375 0.677734375 0.203125 0.671875 0.19270833333333334 0.6630859375 0.19097222291666668 0.650390625 0.21354166666666666 0.6328125 0.2864583333333333 0.6239334734375 0.30439281458333334 0.62903335 0.31727086875 0.58957643125 0.43698905416666667 0.5936026453125 0.44462047499999996
0 0.82421875 0.33506944375000003 0.8310546875 0.34722222291666666 0.8662109375 0.3541666666666667 0.9541015625 0.4513888895833333 0.9619140625 0.4513888895833333 0.96875 0.4392361104166667 0.96875 0.421875 0.9638671875 0.41319444375000003 0.8779296875 0.3298611104166667 0.8662109375 0.2916666666666667 0.845703125 0.2795138895833333 0.8341754046875 0.27897090208333336 0.8359375 0.28993055624999997 0.84379536875 0.3064887416666667 0.837929534375 0.313576675 0.8280749234375 0.29606531458333335 0.822265625 0.30034722291666666 0.82421875 0.33506944375000003
0 0.6616150078125 0.6822916666666666 0.6704040703125 0.6979166666666666 0.6860290703125 0.7083333333333334 0.6918884453125 0.7291666666666666 0.7153259453125 0.71875 0.7368103203125 0.7222222229166667 0.7896929890625 0.7568001541666667 0.8032165703124999 0.7638888895833333 0.8344665703124999 0.7847222229166667 0.8461853203124999 0.7847222229166667 0.8569275078124999 0.765625 0.8549743828124999 0.7482638895833333 0.8481384453124999 0.7361111104166667 0.8344665703124999 0.7326388895833333 0.7856384453125 0.7013888895833333 0.7289978203125 0.6805555562500001 0.7148886703125 0.6647436541666667 0.7031589484375 0.6396752208333333 0.69047815625 0.6267184875 0.6782165703125 0.6319444437499999 0.6616150078125 0.6545138895833333 0.6645446953125 0.6631944437499999 0.6859199109375 0.6619385729166667 0.6866238171875 0.6744466854166667 0.6684509453125 0.6736111104166667 0.6616150078125 0.6822916666666666
0 0.4306640625 0.10763888958333333 0.423828125 0.1267361104166667 0.4345703125 0.15625 0.4521484375 0.16666666666666666 0.4853515625 0.11805555625 0.6162109375 0.07291666666666667 0.623046875 0.057291666666666664 0.623046875 0.04340277708333333 0.6171875 0.029513889583333335 0.6083984375 0.027777777083333333 0.5927734375 0.03819444375 0.4970703125 0.07638888958333333 0.4716796875 0.07638888958333333 0.4541015625 0.0625 0.44921875 0.09201388958333333 0.4306640625 0.10763888958333333
0 0.1396484375 0.6805555562500001 0.1513671875 0.6840277770833333 0.166015625 0.6649305562500001 0.169921875 0.6475694437499999 0.1533203125 0.6493055562500001 0.1484375 0.6336805562500001 0.1484375 0.6197916666666666 0.1591796875 0.6145833333333334 0.1640625 0.6059027770833333 0.1513671875 0.5902777770833333 0.130859375 0.5885416666666666 0.1259765625 0.5868055562500001 0.125 0.6024305562500001 0.1103515625 0.6180555562500001 0.0009765625 0.6076388895833333 0 0.6440972229166667 0.1162109375 0.6493055562500001 0.1396484375 0.6805555562500001
0 0.0673828125 0.5520833333333334 0.072265625 0.5503472229166667 0.068359375 0.515625 0.0791015625 0.5034722229166666 0.083984375 0.50868055625 0.0908203125 0.5347222229166667 0.0966796875 0.5347222229166667 0.1015625 0.5190972229166666 0.099609375 0.47743055624999997 0.0888671875 0.46527777708333334 0.0615234375 0.4479166666666667 0.001953125 0.328125 0 0.39756944375000003 0.0185546875 0.4236111104166667 0.0390625 0.4635416666666667 0.041015625 0.5017361104166667 0.037109375 0.5121527770833334 0.0556640625 0.5416666666666666 0.0673828125 0.5520833333333334
7 0.64491959375 0.41905075 0.6637023890625 0.43188786041666666 0.6774282484375 0.3869579791666667 0.8710353765625 0.56988678125 0.8778982937500001 0.56282636875 0.883316403125 0.5377940083333334 0.685013596875 0.36064191458333333 0.69801708125 0.2938888895833333 0.694043778125 0.2881122291666667 0.6665920296875 0.34266994166666664 0.64491959375 0.41905075
7 0.5431360375 0.18395278541666665 0.5135170234374999 0.22118042083333334 0.47956353281249997 0.28729152708333333 0.493650621875 0.30975646875 0.5131558218750001 0.2789474125 0.589370553125 0.41181149375000003 0.6738930640625 0.5607219645833333 0.6847293109375 0.5536615520833333 0.6952043 0.5324803145833333 0.6121266234375 0.39897438541666663 0.5590291359374999 0.3129657458333333 0.5265204796875 0.24685463958333334 0.5481929171875 0.18972949374999998 0.5431360375 0.18395278541666665
13 0.41448846093749997 0.36240262916666666 0.41448846093749997 0.37629151875000005 0.42270145000000003 0.3855092958333334 0.4399524890625 0.36923584791666664 0.4527310390625 0.33820277083333333 0.47147291874999997 0.31133265625 0.4704080390625 0.29619456666666666 0.511938309375 0.22050412500000002 0.5115123640625 0.21558425 0.4680652921875 0.28597636875 0.46038689843749997 0.28774985208333337 0.45060128125 0.30224981041666665 0.43952654375 0.31890169999999995 0.4263220328125 0.33176908125 0.41448846093749997 0.36240262916666666
16 0.5981385640625 0.7724680479166667 0.5986140984375 0.7600746729166666 0.600040678125 0.7530329791666667 0.6084417078125 0.7547229812499999 0.6083984375 0.7743055562500001 0.615234375 0.765625 0.6149406109375 0.7465546229166667 0.6171875 0.7204861104166667 0.646484375 0.5989583333333334 0.658203125 0.5711805562500001 0.658203125 0.5538194437499999 0.654296875 0.5503472229166667 0.6474609375 0.5486111104166667 0.642578125 0.5538194437499999 0.638671875 0.5885416666666666 0.607421875 0.7170138895833333 0.59375 0.7447916666666666 0.59375 0.765625 0.5981385640625 0.7724680479166667
13 0.4755859375 0.8333333333333334 0.478515625 0.8246527770833333 0.478515625 0.8072916666666666 0.4677734375 0.7986111104166667 0.4228515625 0.7916666666666666 0.4189453125 0.7986111104166667 0.4072265625 0.7986111104166667 0.359375 0.7864583333333334 0.3486328125 0.7847222229166667 0.34765625 0.7899305562500001 0.358478471875 0.7968139375 0.4150390625 0.8090277770833333 0.4228515625 0.8194444437499999 0.44871095156249996 0.8270561125 0.4755859375 0.8333333333333334