11 0.302734375 0.2638919458333333 0.28125 0.1618342875 0.28515625 0.103515625 0.2666015625 0.0408230625 0.2509765625 0.04373899583333333 0.240234375 0.07144036041666667 0.2421875 0.18224581874999998 0.2265625 0.27263974375 0.23046875 0.3776133354166667 0.23828125 0.4096886 0.24609375 0.4155204666666667 0.251953125 0.39510893541666664 0.244140625 0.34845400625 0.244140625 0.2843034770833333 0.2626953125 0.20703125 0.27734375 0.23764854791666667 0.287109375 0.2843034770833333 0.2880859375 0.4082306333333333 0.298828125 0.4009408020833333 0.306640625 0.3426221395833334 0.302734375 0.2638919458333333
10 0.333984375 0.30179907499999997 0.330078125 0.39510893541666664 0.3359375 0.42135233333333333 0.3447265625 0.42281030000000003 0.349609375 0.30763094166666666 0.3759765625 0.2420224479166667 0.3984375 0.31346280833333334 0.396484375 0.4155204666666667 0.404296875 0.42426826666666667 0.416015625 0.38052926875 0.416015625 0.3163787416666667 0.40625 0.27263974375 0.38671875 0.22598481458333333 0.388671875 0.12392715625 0.3828125 0.05686069583333333 0.3759765625 0.04373899583333333 0.359375 0.15017055416666666 0.36328125 0.22015294791666667 0.333984375 0.30179907499999997
7 0.4951171875 0.0408230625 0.4755859375 0.061234595833333336 0.4306640625 0.052486795833333336 0.42578125 0.05686069583333333 0.4306640625 0.11080545833333333 0.4814453125 0.09622579166666667 0.4921875 0.103515625 0.5 0.13267495625 0.49609375 0.70419784375 0.541015625 0.7187775083333333 0.548828125 0.70419784375 0.53515625 0.3047150083333333 0.5390625 0.10059969166666667 0.5458984375 0.09330985833333334 0.5654296875 0.10497359166666667 0.6025390625 0.14579665416666668 0.609375 0.12392715625 0.5654296875 0.0583186625 0.5380859375 0.0408230625 0.4951171875 0.0408230625
0 0.580078125 0.3630336708333333 0.578125 0.6779544458333333 0.5888671875 0.70857174375 0.611328125 0.7129456416666666 0.625 0.6896181770833334 0.6171875 0.35428587083333335 0.646484375 0.2580600791666667 0.6318359375 0.22161091458333332 0.6005859375 0.19828345 0.591796875 0.22306888125000002 0.591796875 0.2697238125 0.5556640625 0.29159331041666664 0.5546875 0.3047150083333333 0.580078125 0.3630336708333333
13 0.1484375 0.17058208541666667 0.13671875 0.23764854791666667 0.138671875 0.3630336708333333 0.1474609375 0.37615536875 0.166015625 0.3776133354166667 0.181640625 0.36011773750000003 0.189453125 0.24639634583333334 0.18359375 0.19974141666666664 0.1875 0.13559088958333335 0.171875 0.11809528958333333 0.1708984375 0.011663733333333334 0.162109375 0.01603763125 0.16015625 0.11809528958333333 0.14453125 0.13559088958333335 0.1484375 0.17058208541666667
14 0.0634765625 0.9243507916666667 0.1083984375 0.9243507916666667 0.154296875 0.9491362229166668 0.16015625 0.9287246916666666 0.1484375 0.9170609604166666 0.15234375 0.7916758354166666 0.1083984375 0.7435629395833333 0.0810546875 0.7435629395833333 0.0537109375 0.7639744708333333 0.037109375 0.8062555020833333 0.0390625 0.8558263645833333 0.033203125 0.8966494270833334 0.0634765625 0.9243507916666667
13 0.775390625 0.17641395208333333 0.7724609375 0.06415052916666666 0.76953125 0.17641395208333333 0.76171875 0.18224581874999998 0.7578125 0.36011773750000003 0.7646484375 0.37032350416666665 0.783203125 0.36886553749999995 0.783203125 0.18224581874999998 0.775390625 0.17641395208333333
13 0.814453125 0.18807768541666667 0.806640625 0.17932988541666667 0.8017578125 0.06998239375 0.80078125 0.17932988541666667 0.79296875 0.18807768541666667 0.79296875 0.37178147083333335 0.81640625 0.3746974041666667 0.818359375 0.25514414583333334 0.814453125 0.18807768541666667
13 0.875 0.3513699375 0.86328125 0.21432108333333336 0.865234375 0.17641395208333333 0.85546875 0.16766615416666666 0.8466796875 0.0583186625 0.849609375 0.16766615416666666 0.841796875 0.18516175208333333 0.84765625 0.36011773750000003 0.8671875 0.3630336708333333 0.875 0.3513699375
13 0.904296875 0.17641395208333333 0.89453125 0.1618342875 0.8876953125 0.052486795833333336 0.888671875 0.16475022083333332 0.880859375 0.17349801875 0.8828125 0.3513699375 0.8984375 0.36011773750000003 0.912109375 0.34553807291666666 0.904296875 0.17641395208333333
15 0.7890625 0.8995653604166667 0.810546875 0.8762378958333333 0.8203125 0.8412466979166666 0.822265625 0.7304412416666667 0.828125 0.715861575 0.8203125 0.6837863125 0.8076171875 0.5219520249999999 0.7724609375 0.54236355625 0.767578125 0.5584011875 0.775390625 0.8966494270833334 0.7890625 0.8995653604166667