7 0.36376953125 0.2216796875 0.33576024375 0.19709387291666666 0.298390496875 0.17613170416666665 0.245361328125 0.17578125 0.223388671875 0.1875 0.213053696875 0.18951181041666668 0.1784727359375 0.18460578749999998 0.17456845468749999 0.19084981666666667 0.17578125 0.2080078125 0.1779149875 0.21582603333333333 0.1857235953125 0.22207006458333334 0.2208623046875 0.21047397083333333 0.235595703125 0.212890625 0.25390625 0.2255859375 0.2615785421875 0.3281650625 0.2532121859375 0.3299490666666667 0.249865653125 0.4864963166666667 0.24875015625 0.49720040833333334 0.23681640625 0.5224609375 0.245361328125 0.529296875 0.28076171875 0.5283203125 0.302734375 0.5244140625 0.29541015625 0.3662109375 0.2905819328125 0.3326789375 0.28221557812500003 0.3219748625 0.28076171875 0.2314453125 0.294189453125 0.208984375 0.316162109375 0.2109375 0.357666015625 0.234375 0.36376953125 0.2333984375 0.36376953125 0.2216796875
0 0.662841796875 0.73828125 0.706787109375 0.732421875 0.728759765625 0.748046875 0.7373046875 0.7470703125 0.770263671875 0.71875 0.916748046875 0.673828125 0.927734375 0.6650390625 0.927734375 0.6552734375 0.904541015625 0.64453125 0.753173828125 0.69921875 0.682373046875 0.6953125 0.6689453125 0.7041015625 0.65673828125 0.7275390625 0.662841796875 0.73828125
13 0.638427734375 0.251953125 0.567626953125 0.283203125 0.5491280062499999 0.28801092708333337 0.5340685421875 0.28310489583333337 0.5234711921875 0.2866729375 0.5240289406249999 0.30540506458333333 0.516357421875 0.306640625 0.360880146875 0.35235419166666665 0.3525137921875 0.35859824791666667 0.36199564375 0.3608282666666666 0.5284909718749999 0.31477114791666666 0.5407616515625 0.32859724999999995 0.5535900375 0.32369121874999995 0.564745178125 0.3143251354166667 0.582275390625 0.30859375 0.667724609375 0.294921875 0.72021484375 0.2724609375 0.7177734375 0.2509765625 0.694580078125 0.23828125 0.638427734375 0.251953125
3 0.8527309296875 0.2593244875 0.83251953125 0.2802734375 0.8349609375 0.3154296875 0.8142456859375 0.327563025 0.8069948265625 0.33559111875000003 0.8214965015625 0.34718717083333334 0.8203125 0.3681640625 0.80322265625 0.4228515625 0.8056640625 0.4521484375 0.8203125 0.4873046875 0.838623046875 0.4921875 0.8447265625 0.4775390625 0.8349609375 0.4150390625 0.8549619234374999 0.34495715208333333 0.8837890625 0.4189453125 0.88134765625 0.4853515625 0.89599609375 0.4912109375 0.908203125 0.4814453125 0.91552734375 0.4541015625 0.9130859375 0.4111328125 0.89111328125 0.3623046875 0.891773921875 0.3422811708333333 0.8984375 0.3291015625 0.8934472093749999 0.322656975 0.87158203125 0.3134765625 0.87158203125 0.2802734375 0.8527309296875 0.2593244875
13 0.552978515625 0.33984375 0.545654296875 0.357421875 0.462646484375 0.380859375 0.46142578125 0.3896484375 0.4736328125 0.3916015625 0.550537109375 0.369140625 0.572509765625 0.37890625 0.604248046875 0.361328125 0.706787109375 0.34375 0.74462890625 0.3271484375 0.74462890625 0.3076171875 0.726318359375 0.291015625 0.662841796875 0.3046875 0.589599609375 0.3359375 0.552978515625 0.33984375
14 0.406494140625 0.2734375 0.43701171875 0.2822265625 0.469970703125 0.28125 0.56396484375 0.2509765625 0.5517578125 0.2158203125 0.513916015625 0.17578125 0.482177734375 0.16796875 0.443115234375 0.169921875 0.400390625 0.1962890625 0.3857421875 0.2373046875 0.390625 0.2548828125 0.406494140625 0.2734375
10 0.758056640625 0.17578125 0.726318359375 0.171875 0.711669921875 0.185546875 0.638427734375 0.1875 0.5859375 0.1962890625 0.594482421875 0.203125 0.709228515625 0.212890625 0.723876953125 0.2265625 0.753173828125 0.22265625 0.797119140625 0.236328125 0.8447265625 0.2373046875 0.877685546875 0.23046875 0.8837890625 0.2177734375 0.814208984375 0.216796875 0.751953125 0.1982421875 0.797119140625 0.185546875 0.88134765625 0.1826171875 0.877685546875 0.169921875 0.850830078125 0.162109375 0.806884765625 0.162109375 0.758056640625 0.17578125
13 0.213623046875 0.724609375 0.269775390625 0.72265625 0.281982421875 0.736328125 0.301513671875 0.73046875 0.34692047812500004 0.7399409333333333 0.37353515625 0.7392578125 0.386962890625 0.736328125 0.400390625 0.7177734375 0.3955078125 0.7021484375 0.374755859375 0.689453125 0.345458984375 0.689453125 0.303955078125 0.701171875 0.281982421875 0.697265625 0.269775390625 0.7109375 0.205078125 0.7158203125 0.213623046875 0.724609375
13 0.4296875 0.7158203125 0.433349609375 0.72265625 0.504150390625 0.720703125 0.511474609375 0.732421875 0.538330078125 0.728515625 0.572509765625 0.736328125 0.61279296875 0.7353515625 0.6298828125 0.7236328125 0.63232421875 0.7080078125 0.62255859375 0.6923828125 0.606689453125 0.685546875 0.5679443187500001 0.6886505270833333 0.531005859375 0.69921875 0.511474609375 0.6953125 0.504150390625 0.708984375 0.435791015625 0.708984375 0.4296875 0.7158203125
9 0.562744140625 0.513671875 0.555419921875 0.5234375 0.230712890625 0.607421875 0.21728515625 0.6220703125 0.233154296875 0.662109375 0.694580078125 0.65625 0.7470703125 0.6611328125 0.826416015625 0.63671875 0.8935546875 0.5966796875 0.882568359375 0.583984375 0.86181640625 0.5771484375 0.77392578125 0.4833984375 0.77392578125 0.4580078125 0.765380859375 0.455078125 0.745849609375 0.455078125 0.596923828125 0.5 0.562744140625 0.513671875
1 0.594482421875 0.40625 0.516357421875 0.400390625 0.384521484375 0.44140625 0.361328125 0.4580078125 0.3564453125 0.4697265625 0.34423828125 0.5322265625 0.33447265625 0.5400390625 0.34912109375 0.5537109375 0.362548828125 0.5390625 0.611572265625 0.478515625 0.615234375 0.4716796875 0.60302734375 0.4580078125 0.609130859375 0.447265625 0.731201171875 0.408203125 0.74951171875 0.3916015625 0.74462890625 0.3779296875 0.711669921875 0.37109375 0.594482421875 0.40625