0 0.486328125 0.9656234083333334 0.4814453125 0.96065109375 0.4404296875 0.9705957229166666 0.4375 0.9616455583333334 0.439453125 0.9517009291666666 0.4677734375 0.9387729125 0.46875 0.9298227479166666 0.4423828125 0.91888365625 0.4091796875 0.92087258125 0.3955078125 0.8989944 0.3447265625 0.9308172104166667 0.3115234375 0.9407618375 0.0419921875 0.9407618375 0.0244140625 0.9467286145833333 0.015625 0.95965663125 0.01953125 0.9815348145833334 0.0341796875 0.9904849791666667 0.3271484375 0.9745735750000001 0.3916015625 0.9984406812500001 0.45703125 0.9994351458333333 0.4765625 0.9875015916666666 0.486328125 0.9656234083333334
16 0.490234375 0.8761217541666666 0.494140625 0.8403210916666667 0.5107421875 0.8333598520833333 0.5458984375 0.8413155541666666 0.546875 0.8323653895833334 0.5283203125 0.8114816708333333 0.5009765625 0.7975591895833334 0.4716796875 0.8015370416666666 0.4423828125 0.82540415 0.4091796875 0.8333598520833333 0.1474609375 0.8333598520833333 0.1162109375 0.80750381875 0.0810546875 0.8035259666666666 0.056640625 0.8164539833333334 0.091796875 0.8323653895833334 0.091796875 0.8562324979166667 0.0771484375 0.8691605145833333 0.04296875 0.8641882 0.0478515625 0.8751272916666667 0.0830078125 0.8970054729166667 0.1064453125 0.8950165479166666 0.1513671875 0.8711494395833334 0.4111328125 0.8711494395833334 0.4345703125 0.8771162166666666 0.4638671875 0.9029722499999999 0.5078125 0.9039667125 0.529296875 0.8940220854166667 0.490234375 0.8761217541666666
16 0.6484375 0.7766754708333334 0.6318359375 0.7617585291666666 0.5478515625 0.76772530625 0.2626953125 0.7597696020833333 0.1787109375 0.7438581979166667 0.1650390625 0.749824975 0.15625 0.7667308416666666 0.16015625 0.7826422479166666 0.1728515625 0.7935813395833333 0.2705078125 0.7816477854166667 0.5576171875 0.7915924125 0.634765625 0.80452043125 0.646484375 0.7965647270833334 0.6484375 0.7766754708333334
7 0.6083984375 0.6682790229166666 0.8935546875 0.6881682791666666 0.8984375 0.65733993125 0.8857421875 0.6503786916666667 0.6298828125 0.6384451375 0.611328125 0.6235281958333334 0.619140625 0.5917053854166666 0.5908203125 0.58474414375 0.587890625 0.61955034375 0.57421875 0.6354617499999999 0.576171875 0.6732513375 0.5908203125 0.6981129083333334 0.625 0.7170077020833333 0.603515625 0.6851848895833333 0.6083984375 0.6682790229166666
7 0.6767578125 0.4972314145833333 0.9482421875 0.5131428208333333 0.955078125 0.486292325 0.9482421875 0.4773421583333333 0.6748046875 0.46739753125 0.662109375 0.4564584395833334 0.697265625 0.4166799270833333 0.6865234375 0.40772976041666664 0.640625 0.44253596041666665 0.62890625 0.47236984375 0.634765625 0.50817050625 0.62890625 0.54397116875 0.658203125 0.54596009375 0.658203125 0.5121483583333333 0.6767578125 0.4972314145833333
0 0.716796875 0.14220818541666666 0.744140625 0.09248504375 0.7421875 0.07259578750000001 0.7158203125 0.04972314166666667 0.716796875 0.07458471250000001 0.7001953125 0.05568991875 0.69140625 0.08850719166666667 0.669921875 0.10044074583333333 0.689453125 0.14618603541666667 0.6796875 0.3430896770833333 0.6884765625 0.35402876875 0.701171875 0.3530343041666667 0.7109375 0.34110075 0.716796875 0.14220818541666666
10 0.6015625 0.22773198749999998 0.60546875 0.20187595416666668 0.583984375 0.187953475 0.583984375 0.10839644791666667 0.57421875 0.05270652916666666 0.5673828125 0.04773421666666667 0.552734375 0.12033000208333333 0.552734375 0.18397562291666666 0.529296875 0.19988702916666667 0.53515625 0.22176521041666666 0.525390625 0.24364339375000002 0.5234375 0.29336653541666663 0.529296875 0.3470675270833333 0.5361328125 0.35601769375000003 0.5498046875 0.35601769375000003 0.546875 0.24961017083333334 0.5693359375 0.19690363958333332 0.5859375 0.25159909583333334 0.580078125 0.3530343041666667 0.59375 0.35701215625 0.611328125 0.26353265 0.6015625 0.22773198749999998
3 0.44921875 0.21182058333333334 0.455078125 0.19789810416666667 0.4375 0.18397562291666666 0.439453125 0.13226355625 0.431640625 0.110385375 0.4228515625 0.10740198541666666 0.41015625 0.13823033333333334 0.41015625 0.1819866979166667 0.392578125 0.19392025208333333 0.388671875 0.28342190625 0.39453125 0.32518934583333337 0.4072265625 0.33215058541666664 0.40625 0.23767661666666667 0.4228515625 0.1929257895833333 0.435546875 0.23966554166666668 0.42578125 0.3291671979166667 0.435546875 0.3331450479166667 0.453125 0.2754662041666667 0.44921875 0.21182058333333334
11 0.265625 0.17005314375 0.25390625 0.15414173958333333 0.25390625 0.10441859791666668 0.24609375 0.08055148958333333 0.2373046875 0.0775681 0.22265625 0.1123743 0.22265625 0.1501638875 0.205078125 0.16607529375 0.201171875 0.29336653541666663 0.2099609375 0.2963499229166667 0.216796875 0.28541083333333334 0.21875 0.20386488125 0.2373046875 0.153147275 0.248046875 0.19789810416666667 0.244140625 0.28342190625 0.24609375 0.29336653541666663 0.2578125 0.29734438541666663 0.267578125 0.23767661666666667 0.265625 0.17005314375
11 0.115234375 0.11834107708333333 0.115234375 0.02883942291666667 0.1083984375 0.017900331250000002 0.0908203125 0.06364562083333333 0.0771484375 0.01591140625 0.064453125 0.05469545625 0.0703125 0.08254041458333333 0.064453125 0.11635215208333333 0.0234375 0.19193132708333333 0.001953125 0.30728901458333335 0.0126953125 0.31623918125 0.0234375 0.2993333125 0.0390625 0.20784273125 0.0859375 0.110385375 0.0927734375 0.10939091041666667 0.1328125 0.21182058333333334 0.13671875 0.29535546041666666 0.14453125 0.31922256875 0.154296875 0.32121149375 0.154296875 0.21977628541666666 0.115234375 0.11834107708333333
16 0.51171875 0.46839199375 0.5234375 0.4206577770833333 0.5234375 0.40474637291666665 0.5146484375 0.39579620625 0.4990234375 0.39579620625 0.48828125 0.4067352979166667 0.494140625 0.5559047229166667 0.48046875 0.6871738166666667 0.4873046875 0.6961239812500001 0.501953125 0.69711844375 0.513671875 0.6871738166666667 0.51171875 0.46839199375
13 0.205078125 0.54596009375 0.220703125 0.5340265395833333 0.21484375 0.5240819125 0.216796875 0.39480174375000004 0.2099609375 0.3719290979166667 0.1884765625 0.36994017291666664 0.1787109375 0.3719290979166667 0.171875 0.3868460416666667 0.173828125 0.46441414166666667 0.181640625 0.5141372833333333 0.177734375 0.5380043916666666 0.193359375 0.5499379458333333 0.193359375 0.715018775 0.197265625 0.73490803125 0.20703125 0.7368969583333332 0.212890625 0.71302985 0.205078125 0.54596009375
13 0.119140625 0.5738050541666666 0.1328125 0.56584935 0.138671875 0.46640306875 0.138671875 0.41071315 0.1259765625 0.38386265208333337 0.09375 0.3908238916666667 0.087890625 0.42463562916666664 0.091796875 0.56584935 0.10546875 0.5718161270833334 0.103515625 0.7587751395833333 0.111328125 0.7647419166666667 0.1171875 0.7468415854166667 0.119140625 0.5738050541666666
13 0.056640625 0.5698272020833334 0.060546875 0.42463562916666664 0.0537109375 0.4156854625 0.0341796875 0.4156854625 0.02734375 0.43259133125000004 0.0234375 0.5698272020833334 0.033203125 0.5757939791666666 0.03125 0.6911516666666666 0.04296875 0.69314059375 0.044921875 0.5777829041666667 0.056640625 0.5698272020833334