13 0.2236328125 1 0.232421875 0.97509765625 0.23046875 0.91064453125 0.2421875 0.80810546875 0.2421875 0.73486328125 0.232421875 0.67919921875 0.22265625 0.67041015625 0.2021484375 0.6689453125 0.189453125 0.68212890625 0.1796875 0.74072265625 0.1796875 0.81396484375 0.19140625 0.93115234375 0.1875 0.97802734375 0.1943359375 1 0.2236328125 1
10 0.3505859375 0.4580078125 0.33203125 0.46533203125 0.322265625 0.53564453125 0.32421875 0.59716796875 0.34375 0.68798828125 0.3359375 0.73486328125 0.359375 0.75830078125 0.359375 0.82568359375 0.365234375 0.84033203125 0.3759765625 0.970703125 0.3828125 0.96630859375 0.396484375 0.82861328125 0.39453125 0.75830078125 0.419921875 0.73193359375 0.41015625 0.71142578125 0.41015625 0.68505859375 0.4296875 0.58837890625 0.4296875 0.52392578125 0.419921875 0.46826171875 0.41015625 0.45947265625 0.4013671875 0.4580078125 0.396484375 0.46826171875 0.40625 0.52392578125 0.40625 0.58251953125 0.3779296875 0.71875 0.345703125 0.56787109375 0.3505859375 0.4580078125
0 0.5869140625 1 0.58984375 0.99267578125 0.583984375 0.78759765625 0.609375 0.69384765625 0.603515625 0.65576171875 0.578125 0.62646484375 0.5703125 0.62939453125 0.580078125 0.67626953125 0.5634765625 0.6865234375 0.5478515625 0.63671875 0.5390625 0.66748046875 0.5390625 0.70849609375 0.52734375 0.72021484375 0.556640625 0.79931640625 0.5576171875 1 0.5869140625 1
13 0.69140625 0.93408203125 0.69140625 0.83154296875 0.689453125 0.78466796875 0.677734375 0.76416015625 0.677734375 0.56201171875 0.669921875 0.57080078125 0.671875 0.77587890625 0.66015625 0.78466796875 0.66015625 0.92822265625 0.6689453125 0.9443359375 0.6826171875 0.947265625 0.69140625 0.93408203125
13 0.7041015625 1 0.74609375 0.99853515625 0.74609375 0.79345703125 0.732421875 0.77880859375 0.73046875 0.76416015625 0.7265625 0.48583984375 0.71875 0.49169921875 0.720703125 0.76416015625 0.7177734375 0.77734375 0.701171875 0.79052734375 0.70703125 0.81396484375 0.701171875 0.84912109375 0.7041015625 1
11 0 0.24620174375 0.049404593749999996 0.24369856666666667 0.1562568734375 0.30753058958333335 0.16355620312500002 0.3313111083333334 0.132669184375 0.34257559791666664 0.0483560890625 0.4014011708333333 0 0.41016238541666666 0.0009765625 0.44921875 0.0478515625 0.4462890625 0.1220703125 0.4052734375 0.1533203125 0.4169921875 0.1748046875 0.3583984375 0.1865234375 0.3525390625 0.2216796875 0.3642578125 0.27734375 0.34228515625 0.216796875 0.31884765625 0.2392578125 0.2939453125 0.2666015625 0.2939453125 0.275390625 0.28955078125 0.2724609375 0.2822265625 0.1806640625 0.279296875 0.16015625 0.26611328125 0.1474609375 0.220703125 0.1064453125 0.232421875 0.04296875 0.20458984375 0 0.20751953125 0 0.24620174375
2 0.1162109375 0.47265625 0.1064453125 0.4873046875 0.0009765625 0.4873046875 0 0.53564453125 0.1083984375 0.537109375 0.1201171875 0.5634765625 0.1337890625 0.5517578125 0.1845703125 0.5517578125 0.2060546875 0.6484375 0.216796875 0.64990234375 0.2197265625 0.625 0.2163612421875 0.5616069499999999 0.2146917015625 0.5353231604166666 0.2606047796875 0.5340715708333333 0.26227432031250003 0.5716198041666666 0.25976994531250003 0.6191808875 0.265613465625 0.6291937395833334 0.27062215312500004 0.65297430625 0.287109375 0.56494140625 0.287109375 0.47705078125 0.259765625 0.47119140625 0.259765625 0.43017578125 0.25 0.43896484375 0.2451171875 0.4873046875 0.228515625 0.48291015625 0.2265625 0.44189453125 0.2158203125 0.4287109375 0.2138671875 0.47265625 0.1162109375 0.47265625
15 0.126953125 0.99853515625 0.126953125 0.92236328125 0.134765625 0.89306640625 0.115234375 0.86962890625 0.11328125 0.77001953125 0.0830078125 0.7919921875 0.076171875 0.81103515625 0.07421875 0.86962890625 0.064453125 0.88427734375 0.0703125 0.90478515625 0.0693359375 1 0.126953125 0.99853515625
5 0.8439220578125 1 0.849609375 0.67626953125 0.849609375 0.63525390625 0.8671875 0.59423828125 0.861328125 0.55615234375 0.8447265625 0.5283203125 0.796875 0.48876953125 0.7861328125 0.4873046875 0.78125 0.50048828125 0.8056640625 0.5224609375 0.82421875 0.56201171875 0.8134765625 0.5810546875 0.7763671875 0.5224609375 0.765625 0.52685546875 0.791015625 0.62646484375 0.76953125 0.66748046875 0.76171875 0.70849609375 0.7646484375 1 0.7890625 0.99560546875 0.794921875 0.74951171875 0.8173828125 0.6953125 0.8161105281250001 1 0.8439220578125 1
13 0.318359375 0.00244140625 0.30859375 0 0.294921875 0.00244140625 0.29296875 0.18115234375 0.302734375 0.19873046875 0.3076171875 0.3466796875 0.310546875 0.19873046875 0.318359375 0.18994140625 0.318359375 0.00244140625
7 0.2744140625 0.4287109375 0.3681640625 0.4287109375 0.458984375 0.39501953125 0.4560546875 0.3818359375 0.3828125 0.36279296875 0.3828125 0.00244140625 0.3447265625 0.0009765625 0.341796875 0.00830078125 0.33203125 0.35693359375 0.3271484375 0.3642578125 0.2724609375 0.3701171875 0.267578125 0.40087890625 0.2744140625 0.4287109375
0 0.4814453125 0.3876953125 0.486328125 0.37744140625 0.47265625 0.30712890625 0.4873046875 0.2880859375 0.5087890625 0.2880859375 0.5322265625 0.361328125 0.544921875 0.31591796875 0.546875 0.25732421875 0.5546875 0.25146484375 0.5546875 0.21923828125 0.537109375 0.20458984375 0.51953125 0.15185546875 0.51953125 0.00244140625 0.474609375 0.00244140625 0.47265625 0.14599609375 0.46484375 0.18994140625 0.431640625 0.28076171875 0.431640625 0.30419921875 0.44140625 0.33349609375 0.4814453125 0.3876953125
13 0.580078125 0.60888671875 0.5849609375 0.6220703125 0.59375 0.61767578125 0.595703125 0.60595703125 0.59375 0.31884765625 0.61328125 0.29833984375 0.60546875 0.23974609375 0.619140625 0.14306640625 0.6171875 0.04345703125 0.6044921875 0.015625 0.595703125 0.01123046875 0.5693359375 0.015625 0.5546875 0.05224609375 0.556640625 0.14892578125 0.5703125 0.24267578125 0.5625 0.29833984375 0.583984375 0.32470703125 0.580078125 0.60888671875
10 0.63572935 0 0.63910605 0.054581079166666664 0.67578125 0.17236328125 0.66796875 0.20458984375 0.7021484375 0.2119140625 0.70703125 0.22216796875 0.6988319625 0.41429160000000004 0.7060074796875 0.4187215666666667 0.7203585453125 0.27190076875 0.728515625 0.26904296875 0.7591908093749999 0.41239307291666666 0.76171875 0.40966796875 0.74609375 0.22802734375 0.7568359375 0.2119140625 0.7724609375 0.2119140625 0.78125 0.19873046875 0.7734375 0.16357421875 0.8046875 0.06103515625 0.806640625 0.00244140625 0.7805061906249999 0 0.77881785625 0.04572117083333334 0.7691097734375 0.07989503125 0.7530703421875 0.12862432291666667 0.7366088265624999 0.16089959583333335 0.7290112265625 0.18178358125 0.7167706109374999 0.18494782291666667 0.7171926953125001 0.16279813541666668 0.7062183625 0.14634409166666668 0.686380146875 0.10204471875 0.66358728125 0.031165714583333334 0.6627430828125 0 0.63572935 0
15 0.8642578125 0.2236328125 0.9267578125 0.244140625 0.9599609375 0.2236328125 0.9765625 0.19873046875 0.9921875 0.12255859375 0.984375 0.08447265625 0.986328125 0.04931640625 0.9697265625 0.021484375 0.83203125 0.01416015625 0.822265625 0.02880859375 0.822265625 0.07568359375 0.833984375 0.10205078125 0.837890625 0.14306640625 0.828125 0.18115234375 0.8388671875 0.2001953125 0.8642578125 0.2236328125
13 0.423828125 0.93701171875 0.42578125 0.72900390625 0.41796875 0.73486328125 0.41796875 0.92236328125 0.404296875 0.96337890625 0.4072265625 1 0.435546875 0.99853515625 0.435546875 0.95166015625 0.423828125 0.93701171875