4 0.646484375 0.7373046875 0.6640625 0.7294921875 0.6767578125 0.701171875 0.6943359375 0.69921875 0.705078125 0.6884765625 0.6650390625 0.66015625 0.5986328125 0.66015625 0.587890625 0.6669921875 0.58203125 0.6865234375 0.5947265625 0.70703125 0.615234375 0.7177734375 0.615234375 0.7275390625 0.61328125 0.7763671875 0.6015625 0.7841796875 0.603515625 0.8251953125 0.591796875 0.8330078125 0.591796875 0.8408203125 0.6640625 0.8525390625 0.7021484375 0.84765625 0.705078125 0.8310546875 0.6845703125 0.83203125 0.681640625 0.7939453125 0.6708984375 0.783203125 0.64453125 0.7783203125 0.646484375 0.7373046875
7 0.5537109375 0.8515625 0.5322265625 0.85546875 0.4130859375 0.859375 0.4140625 0.8818359375 0.5498046875 0.865234375 0.6181640625 0.869140625 0.623046875 0.8623046875 0.6162109375 0.853515625 0.5908203125 0.845703125 0.5556640625 0.845703125 0.5537109375 0.8515625
13 0.6005859375 0.365234375 0.5927734375 0.365234375 0.58984375 0.3681640625 0.5859375 0.3837890625 0.587890625 0.4091796875 0.58984375 0.4111328125 0.58984375 0.4306640625 0.59375 0.4345703125 0.59375 0.4833984375 0.595703125 0.4853515625 0.599609375 0.4833984375 0.599609375 0.4326171875 0.603515625 0.4287109375 0.603515625 0.4091796875 0.607421875 0.3935546875 0.60546875 0.3720703125 0.6005859375 0.365234375
13 0.5712890625 0.37109375 0.5615234375 0.37109375 0.55859375 0.3740234375 0.5546875 0.3876953125 0.5546875 0.4033203125 0.55859375 0.4208984375 0.556640625 0.4404296875 0.564453125 0.4482421875 0.564453125 0.5126953125 0.568359375 0.5126953125 0.568359375 0.4482421875 0.57421875 0.4423828125 0.572265625 0.4287109375 0.578125 0.3994140625 0.576171875 0.3818359375 0.5712890625 0.37109375
10 0.52734375 0.4560546875 0.5341796875 0.45703125 0.537109375 0.4541015625 0.537109375 0.4248046875 0.53125 0.4052734375 0.53125 0.3935546875 0.533203125 0.3916015625 0.5303549859375 0.3877501520833333 0.5234375 0.3818359375 0.52421314375 0.35028064374999995 0.5218834625000001 0.3337686458333333 0.518918440625 0.36763939375 0.5153180328125 0.36763939375 0.5117176421875 0.33419202708333334 0.5078125 0.3662109375 0.509176175 0.38457476875 0.5030343328125 0.38626831250000004 0.5 0.3916015625 0.501953125 0.3935546875 0.501953125 0.4052734375 0.49609375 0.4248046875 0.49609375 0.4541015625 0.498046875 0.4560546875 0.505859375 0.4560546875 0.5078125 0.4228515625 0.51171875 0.4072265625 0.5146484375 0.404296875 0.521484375 0.4072265625 0.5234375 0.4130859375 0.52734375 0.4560546875
3 0.46875 0.3916015625 0.458984375 0.3837890625 0.458984375 0.3701171875 0.455078125 0.3603515625 0.4521484375 0.357421875 0.4462890625 0.357421875 0.439453125 0.3642578125 0.439453125 0.3837890625 0.4296875 0.3916015625 0.4296875 0.4150390625 0.423828125 0.4345703125 0.423828125 0.4716796875 0.4267578125 0.474609375 0.4326171875 0.474609375 0.435546875 0.4716796875 0.435546875 0.4462890625 0.4375 0.4443359375 0.439453125 0.4189453125 0.44140625 0.4130859375 0.4501953125 0.40625 0.455078125 0.4111328125 0.458984375 0.4208984375 0.4609375 0.4462890625 0.462890625 0.4482421875 0.462890625 0.4716796875 0.466796875 0.4755859375 0.4697265625 0.4765625 0.474609375 0.4716796875 0.4765625 0.4658203125 0.474609375 0.4638671875 0.474609375 0.4365234375 0.466796875 0.4052734375 0.46875 0.3916015625
11 0.3984375 0.4228515625 0.40234375 0.4716796875 0.4091796875 0.4765625 0.4140625 0.4716796875 0.4140625 0.4365234375 0.408203125 0.4169921875 0.408203125 0.3916015625 0.3984375 0.3837890625 0.396484375 0.3544921875 0.39299835 0.34356350625 0.385162196875 0.3441985895833334 0.38304431562499996 0.3537247375 0.37890625 0.3837890625 0.369140625 0.3916015625 0.369140625 0.4169921875 0.361328125 0.4423828125 0.361328125 0.4677734375 0.36328125 0.4736328125 0.3671875 0.4755859375 0.3701171875 0.4765625 0.375 0.4716796875 0.376953125 0.4287109375 0.380859375 0.4130859375 0.3876953125 0.404296875 0.39453125 0.4111328125 0.3984375 0.4228515625
0 0.33903517656250004 0.39152850208333334 0.3388671875 0.37890625 0.328125 0.3876953125 0.328125 0.3994140625 0.3359375 0.4169921875 0.333984375 0.4912109375 0.337890625 0.4951171875 0.3427734375 0.49609375 0.34765625 0.4912109375 0.34765625 0.4189453125 0.357421875 0.4033203125 0.350259953125 0.38475434999999997 0.3432709390625 0.39406880625 0.33903517656250004 0.39152850208333334
15 0.302734375 0.3896484375 0.2958984375 0.380859375 0.2861328125 0.380859375 0.275390625 0.3916015625 0.2734375 0.4130859375 0.29296875 0.4716796875 0.306640625 0.4912109375 0.31640625 0.4833984375 0.31640625 0.4775390625 0.314453125 0.4755859375 0.314453125 0.4638671875 0.30859375 0.4501953125 0.30078125 0.4189453125 0.302734375 0.3896484375
16 0.26171875 0.3916015625 0.2568359375 0.384765625 0.2490234375 0.3828125 0.2421875 0.3876953125 0.240234375 0.3935546875 0.244140625 0.4052734375 0.244140625 0.5185546875 0.23828125 0.5244140625 0.23828125 0.5400390625 0.2443502453125 0.54216551875 0.24795063750000002 0.5313692208333334 0.253457125 0.5317926145833334 0.25726931875000003 0.5381433791666667 0.25390625 0.5439453125 0.2587890625 0.544921875 0.263671875 0.5400390625 0.263671875 0.5263671875 0.2578125 0.5185546875 0.255859375 0.4853515625 0.255859375 0.4130859375 0.26171875 0.3916015625
5 0.2197265625 0.400390625 0.22265625 0.4013671875 0.22265625 0.4423828125 0.21875 0.4501953125 0.2177734375 0.541015625 0.228515625 0.5380859375 0.234375 0.4658203125 0.240234375 0.4521484375 0.232421875 0.4404296875 0.234375 0.3662109375 0.2236328125 0.353515625 0.2119140625 0.349609375 0.197265625 0.3525390625 0.201171875 0.3662109375 0.208984375 0.3759765625 0.208984375 0.3837890625 0.1953125 0.4072265625 0.193359375 0.4384765625 0.18359375 0.4501953125 0.189453125 0.4677734375 0.193359375 0.5283203125 0.197265625 0.5400390625 0.2060546875 0.541015625 0.208984375 0.5361328125 0.205078125 0.5029296875 0.20703125 0.4580078125 0.201171875 0.4404296875 0.20703125 0.4208984375 0.2197265625 0.400390625
13 0.24609375 0.1845703125 0.2412109375 0.177734375 0.2353515625 0.17578125 0.2275390625 0.177734375 0.22265625 0.1845703125 0.22265625 0.2119140625 0.2265625 0.2236328125 0.226771028125 0.25032176458333333 0.23046875 0.2626953125 0.232421875 0.3212890625 0.236328125 0.3212890625 0.23828125 0.3115234375 0.23828125 0.2626953125 0.2421875 0.2529296875 0.2421875 0.2236328125 0.24609375 0.2119140625 0.24609375 0.1845703125
13 0.287109375 0.2001953125 0.28515625 0.1982421875 0.28515625 0.1826171875 0.2802734375 0.177734375 0.2705078125 0.177734375 0.265625 0.1865234375 0.267578125 0.1884765625 0.267578125 0.1962890625 0.265625 0.2021484375 0.26953125 0.2138671875 0.26953125 0.2392578125 0.2734375 0.2470703125 0.2734375 0.2919921875 0.2763231609375 0.29833654374999996 0.279296875 0.2900390625 0.279296875 0.2431640625 0.283203125 0.2373046875 0.283203125 0.2255859375 0.28515625 0.2021484375 0.287109375 0.2001953125
13 0.3212890625 0.177734375 0.3134765625 0.177734375 0.310546875 0.1806640625 0.310546875 0.1943359375 0.310546875 0.1982421875 0.310546875 0.2080078125 0.3125 0.2099609375 0.315678146875 0.23575615833333333 0.31640625 0.2744140625 0.319314565625 0.2762578666666667 0.3203125 0.2353515625 0.322265625 0.2333984375 0.32421875 0.2021484375 0.326171875 0.2001953125 0.326171875 0.1845703125 0.3212890625 0.177734375
16 0.412109375 0.1923828125 0.4140625 0.1904296875 0.4140625 0.1865234375 0.412414375 0.18125711666666666 0.4072265625 0.181640625 0.40428239374999997 0.18218987083333332 0.40234375 0.1884765625 0.4040157765625 0.19311643958333333 0.404296875 0.2001953125 0.404296875 0.2626953125 0.40234375 0.2646484375 0.40221601093750003 0.2765529104166667 0.40408237031249994 0.2757534125 0.405948728125 0.2698903645833333 0.40954812656249995 0.27015686666666666 0.4102146828125 0.27695265625 0.4140625 0.2744140625 0.4140625 0.2666015625 0.412109375 0.2646484375 0.412109375 0.1923828125
16 0.4404296875 0.18359375 0.4375 0.1865234375 0.436368090625 0.19036923958333332 0.4394322078125 0.19669375 0.43896134218749994 0.2680770083333333 0.435546875 0.2705078125 0.435546875 0.2783203125 0.4395072375 0.2790099875 0.44091985625 0.27540161041666666 0.44484379062499996 0.2752447145833333 0.4451577015625 0.2796375333333333 0.44921875 0.2802734375 0.451171875 0.2724609375 0.4461813796875 0.26635125416666666 0.4457105015625 0.19653686666666664 0.449238590625 0.18911415 0.447265625 0.1845703125 0.4404296875 0.18359375
16 0.482714609375 0.18503899375000002 0.4794921875 0.18359375 0.4755859375 0.18359375 0.47265625 0.1865234375 0.47172759375 0.19147133125 0.47345412187499997 0.19758990208333332 0.47349365781249997 0.2725965958333333 0.46875 0.2822265625 0.46972667812499996 0.28655947083333333 0.47270887031250003 0.28593192916666665 0.475377140625 0.2804409104166667 0.47992890624999995 0.2812253416666667 0.48046875 0.2880859375 0.4833984375 0.2890625 0.486328125 0.2841796875 0.486328125 0.2783203125 0.48149848124999994 0.2727534791666667 0.481301990625 0.19523660625 0.484375 0.1904296875 0.482714609375 0.18503899375000002
16 0.5205078125 0.296875 0.5224689109375 0.29166726041666663 0.5234375 0.2880859375 0.517289325 0.27817504375 0.517578125 0.1982421875 0.51953125 0.1962890625 0.5203882859375 0.19076655625 0.51953125 0.1865234375 0.5164643515625 0.18339290416666668 0.5126953125 0.181640625 0.508616484375 0.18370667291666667 0.505859375 0.1865234375 0.505006459375 0.19076655625 0.505859375 0.1962890625 0.5078125 0.1982421875 0.5078125 0.2783203125 0.5036340265625 0.28225408958333337 0.5026922859375 0.28774510416666665 0.50390625 0.2939453125 0.5052036015625 0.2968445125 0.5083427484375 0.29668762291666667 0.5083427484375 0.29135349375 0.511952771875 0.28884331041666667 0.5160336609375 0.29119660416666665 0.5166015625 0.296875 0.5205078125 0.296875
16 0.5625 0.1904296875 0.561073753125 0.185065025 0.5556640625 0.181640625 0.5517578125 0.181640625 0.546875 0.1865234375 0.546849496875 0.19421672291666667 0.5511004234375 0.20059023125 0.55089683125 0.28645267916666667 0.544921875 0.2939453125 0.544921875 0.3037109375 0.5463623937500001 0.30682796458333333 0.5498046875 0.3046875 0.5520413078125 0.2985460125 0.5580907140625 0.29903626875 0.559115184375 0.30764508124999995 0.5635296046875 0.3065011229166667 0.564453125 0.3037109375 0.564453125 0.2939453125 0.5585811984375 0.2867795270833333 0.5587847890625001 0.20075365208333332 0.562054734375 0.19552411041666667 0.5625 0.1904296875
16 0.6047774140625 0.19135158749999998 0.603515625 0.1845703125 0.6005859375 0.181640625 0.5947265625 0.181640625 0.5895799359375 0.18348979375000002 0.587890625 0.1904296875 0.5883801328125 0.19668162083333335 0.5919795406249999 0.2013454 0.5922802921875 0.28585365 0.5859375 0.2958984375 0.5859375 0.3017578125 0.5866822218750001 0.30606405 0.5888671875 0.306640625 0.5912147937500001 0.3065970604166666 0.5932144625 0.2994015020833333 0.5966805609375 0.2983354979166667 0.60041326875 0.3006007625 0.599609375 0.3076171875 0.6032128015625 0.3085958208333333 0.607421875 0.3037109375 0.607421875 0.2958984375 0.6001456546874999 0.2865199041666667 0.599578275 0.20081239791666666 0.603515625 0.1982421875 0.6047774140625 0.19135158749999998
16 0.64647710625 0.19284869999999998 0.64514399375 0.18925092916666666 0.6420778328125001 0.18432065208333331 0.6357421875 0.181640625 0.629679896875 0.18472040208333332 0.626953125 0.1904296875 0.6267470453125 0.19657972499999998 0.6308478921875 0.20264779791666668 0.630859375 0.3017578125 0.625 0.3115234375 0.625 0.3212890625 0.6257797375 0.3248899520833334 0.6298828125 0.32421875 0.6313788046875 0.31982642083333335 0.6329785453125 0.3166284041666667 0.6376444375 0.31622864791666666 0.6409772171875 0.31849391250000003 0.640625 0.3271484375 0.6441766875 0.32848772499999995 0.6484375 0.3193359375 0.6484375 0.3134765625 0.6407105875 0.30303681875 0.640111190625 0.20295555 0.64453125 0.1982421875 0.64647710625 0.19284869999999998
16 0.68359375 0.1904296875 0.6787109375 0.18359375 0.6708984375 0.18359375 0.6640625 0.1884765625 0.6640625 0.1982421875 0.66796875 0.2060546875 0.66796875 0.3193359375 0.662109375 0.3291015625 0.662109375 0.3427734375 0.6650390625 0.345703125 0.6687837109375 0.3448486520833333 0.669916921875 0.33533399999999997 0.6769428234375 0.33533399999999997 0.6798891609375 0.33873209375 0.6796875 0.3486328125 0.6839687265625 0.34779367083333335 0.6875 0.3427734375 0.6875 0.3310546875 0.68056909375 0.32083547291666664 0.6798891609375 0.20583477291666666 0.6837420875 0.19835897291666665 0.68359375 0.1904296875
16 0.7216796875 0.185546875 0.7138671875 0.18359375 0.7059133 0.18781300416666669 0.703125 0.1923828125 0.7032448718750001 0.201949275 0.708314890625 0.21128454791666668 0.7089825515625 0.33900312499999996 0.7025783171875 0.34300395624999996 0.69921875 0.3564453125 0.700710425 0.3646084375 0.7060546875 0.365234375 0.7119140625 0.35546875 0.718322053125 0.35527316666666664 0.720703125 0.3603515625 0.720703125 0.3701171875 0.73046875 0.3603515625 0.73046875 0.3505859375 0.7217910203125 0.34060345416666665 0.720703125 0.2099609375 0.7265625 0.2021484375 0.7265625 0.1923828125 0.7216796875 0.185546875
13 0.6875 0.3896484375 0.6806640625 0.373046875 0.66796875 0.3740234375 0.662109375 0.3916015625 0.662109375 0.4111328125 0.66796875 0.4267578125 0.666015625 0.4501953125 0.671875 0.4541015625 0.673828125 0.5244140625 0.677734375 0.5224609375 0.677734375 0.4541015625 0.685546875 0.4501953125 0.681640625 0.4404296875 0.681640625 0.4287109375 0.6875 0.4130859375 0.6875 0.3896484375
13 0.7197265625 0.375 0.7119140625 0.375 0.705078125 0.3876953125 0.705078125 0.4111328125 0.708984375 0.4189453125 0.70703125 0.4423828125 0.712890625 0.4443359375 0.712890625 0.4990234375 0.71875 0.4990234375 0.71875 0.4443359375 0.724609375 0.4404296875 0.72265625 0.4189453125 0.7265625 0.4091796875 0.7265625 0.3876953125 0.7197265625 0.375