13 0.1943359375 0 0.1875 0.02197265625 0.19140625 0.06884765625 0.1796875 0.18603515625 0.1796875 0.25927734375 0.189453125 0.31787109375 0.2021484375 0.3310546875 0.22265625 0.32958984375 0.232421875 0.32080078125 0.2421875 0.26513671875 0.2421875 0.19189453125 0.23046875 0.08935546875 0.232421875 0.02490234375 0.2236328125 0 0.1943359375 0
10 0.4296875 0.47607421875 0.4296875 0.41162109375 0.41015625 0.31494140625 0.41015625 0.28857421875 0.419921875 0.26806640625 0.39453125 0.24169921875 0.396484375 0.17138671875 0.3828125 0.03369140625 0.3759765625 0.029296875 0.365234375 0.15966796875 0.359375 0.17431640625 0.359375 0.24169921875 0.3359375 0.26513671875 0.34375 0.31201171875 0.32421875 0.40283203125 0.322265625 0.46435546875 0.33203125 0.53466796875 0.3505859375 0.5419921875 0.345703125 0.43212890625 0.3779296875 0.28125 0.40625 0.41748046875 0.40625 0.47607421875 0.396484375 0.53173828125 0.4013671875 0.5419921875 0.41015625 0.54052734375 0.419921875 0.53173828125 0.4296875 0.47607421875
0 0.5576171875 0 0.556640625 0.20068359375 0.52734375 0.27978515625 0.5390625 0.29150390625 0.5390625 0.33251953125 0.5478515625 0.36328125 0.5634765625 0.3134765625 0.580078125 0.32373046875 0.5703125 0.37060546875 0.578125 0.37353515625 0.603515625 0.34423828125 0.609375 0.30615234375 0.583984375 0.21240234375 0.58984375 0.00732421875 0.5869140625 0 0.5576171875 0
13 0.689453125 0.21533203125 0.69140625 0.16845703125 0.69140625 0.06591796875 0.6826171875 0.052734375 0.6689453125 0.0556640625 0.66015625 0.07177734375 0.66015625 0.21533203125 0.671875 0.22412109375 0.669921875 0.42919921875 0.677734375 0.43798828125 0.677734375 0.23583984375 0.689453125 0.21533203125
13 0.732421875 0.22119140625 0.74609375 0.20654296875 0.74609375 0.00146484375 0.7041015625 0 0.701171875 0.15087890625 0.70703125 0.18603515625 0.701171875 0.20947265625 0.7177734375 0.22265625 0.720703125 0.23583984375 0.71875 0.50830078125 0.7265625 0.51416015625 0.73046875 0.23583984375 0.732421875 0.22119140625
11 0 0.79248046875 0.04296875 0.79541015625 0.1064453125 0.767578125 0.1474609375 0.779296875 0.16015625 0.73388671875 0.1806640625 0.720703125 0.2724609375 0.7177734375 0.275390625 0.71044921875 0.2666015625 0.7060546875 0.2392578125 0.7060546875 0.216796875 0.68115234375 0.27734375 0.65771484375 0.2216796875 0.6357421875 0.1865234375 0.6474609375 0.1748046875 0.6416015625 0.1533203125 0.5830078125 0.1220703125 0.5947265625 0.0478515625 0.5537109375 0.0009765625 0.55078125 0 0.5898376145833333 0.0483560890625 0.5985988291666666 0.132669184375 0.6574244020833333 0.16355620312500002 0.6686888916666667 0.1562568734375 0.6924694104166667 0.049404593749999996 0.7563014333333334 0 0.7537982562500001 0 0.79248046875
2 0.287109375 0.52294921875 0.287109375 0.43505859375 0.27062215312500004 0.34702569375 0.265613465625 0.3708062604166667 0.25976994531250003 0.3808191125 0.26227432031250003 0.4283801958333333 0.2606047796875 0.46592842916666666 0.2146917015625 0.46467683958333333 0.2163612421875 0.43839305 0.2197265625 0.375 0.216796875 0.35009765625 0.2060546875 0.3515625 0.1845703125 0.4482421875 0.1337890625 0.4482421875 0.1201171875 0.4365234375 0.1083984375 0.462890625 0 0.46435546875 0.0009765625 0.5126953125 0.1064453125 0.5126953125 0.1162109375 0.52734375 0.2138671875 0.52734375 0.2158203125 0.5712890625 0.2265625 0.55810546875 0.228515625 0.51708984375 0.2451171875 0.5126953125 0.25 0.56103515625 0.259765625 0.56982421875 0.259765625 0.52880859375 0.287109375 0.52294921875
15 0.134765625 0.10693359375 0.126953125 0.07763671875 0.126953125 0.00146484375 0.0693359375 0 0.0703125 0.09521484375 0.064453125 0.11572265625 0.07421875 0.13037109375 0.076171875 0.18896484375 0.0830078125 0.2080078125 0.11328125 0.22998046875 0.115234375 0.13037109375 0.134765625 0.10693359375
5 0.8161105281250001 0 0.8173828125 0.3046875 0.794921875 0.25048828125 0.7890625 0.00439453125 0.7646484375 0 0.76171875 0.29150390625 0.76953125 0.33251953125 0.791015625 0.37353515625 0.765625 0.47314453125 0.7763671875 0.4775390625 0.8134765625 0.4189453125 0.82421875 0.43798828125 0.8056640625 0.4775390625 0.78125 0.49951171875 0.7861328125 0.5126953125 0.796875 0.51123046875 0.8447265625 0.4716796875 0.861328125 0.44384765625 0.8671875 0.40576171875 0.849609375 0.36474609375 0.849609375 0.32373046875 0.8439220578125 0 0.8161105281250001 0
13 0.318359375 0.81005859375 0.310546875 0.80126953125 0.3076171875 0.6533203125 0.302734375 0.80126953125 0.29296875 0.81884765625 0.294921875 0.99755859375 0.30859375 1 0.318359375 0.99755859375 0.318359375 0.81005859375
7 0.4560546875 0.6181640625 0.458984375 0.60498046875 0.3681640625 0.5712890625 0.2744140625 0.5712890625 0.267578125 0.59912109375 0.2724609375 0.6298828125 0.3271484375 0.6357421875 0.33203125 0.64306640625 0.341796875 0.99169921875 0.3447265625 0.9990234375 0.3828125 0.99755859375 0.3828125 0.63720703125 0.4560546875 0.6181640625
0 0.537109375 0.79541015625 0.5546875 0.78076171875 0.5546875 0.74853515625 0.546875 0.74267578125 0.544921875 0.68408203125 0.5322265625 0.638671875 0.5087890625 0.7119140625 0.4873046875 0.7119140625 0.47265625 0.69287109375 0.486328125 0.62255859375 0.4814453125 0.6123046875 0.44140625 0.66650390625 0.431640625 0.69580078125 0.431640625 0.71923828125 0.46484375 0.81005859375 0.47265625 0.85400390625 0.474609375 0.99755859375 0.51953125 0.99755859375 0.51953125 0.84814453125 0.537109375 0.79541015625
13 0.6171875 0.95654296875 0.619140625 0.85693359375 0.60546875 0.76025390625 0.61328125 0.70166015625 0.59375 0.68115234375 0.595703125 0.39404296875 0.59375 0.38232421875 0.5849609375 0.3779296875 0.580078125 0.39111328125 0.583984375 0.67529296875 0.5625 0.70166015625 0.5703125 0.75732421875 0.556640625 0.85107421875 0.5546875 0.94775390625 0.5693359375 0.984375 0.595703125 0.98876953125 0.6044921875 0.984375 0.6171875 0.95654296875
10 0.6627430828125 1 0.66358728125 0.9688342854166667 0.686380146875 0.89795528125 0.7062183625 0.8536559083333334 0.7171926953125001 0.8372018645833333 0.7167706109374999 0.8150521770833333 0.7290112265625 0.81821641875 0.7366088265624999 0.8391004041666666 0.7530703421875 0.8713756770833334 0.7691097734375 0.92010496875 0.77881785625 0.9542788291666666 0.7805061906249999 1 0.806640625 0.99755859375 0.8046875 0.93896484375 0.7734375 0.83642578125 0.78125 0.80126953125 0.7724609375 0.7880859375 0.7568359375 0.7880859375 0.74609375 0.77197265625 0.76171875 0.59033203125 0.7591908093749999 0.5876069270833334 0.728515625 0.73095703125 0.7203585453125 0.7280992312500001 0.7060074796875 0.5812784333333333 0.6988319625 0.5857084 0.70703125 0.77783203125 0.7021484375 0.7880859375 0.66796875 0.79541015625 0.67578125 0.82763671875 0.63910605 0.9454189208333333 0.63572935 1 0.6627430828125 1
15 0.986328125 0.95068359375 0.984375 0.91552734375 0.9921875 0.87744140625 0.9765625 0.80126953125 0.9599609375 0.7763671875 0.9267578125 0.755859375 0.8642578125 0.7763671875 0.8388671875 0.7998046875 0.828125 0.81884765625 0.837890625 0.85693359375 0.833984375 0.89794921875 0.822265625 0.92431640625 0.822265625 0.97119140625 0.83203125 0.98583984375 0.9697265625 0.978515625 0.986328125 0.95068359375
13 0.435546875 0.04833984375 0.435546875 0.00146484375 0.4072265625 0 0.404296875 0.03662109375 0.41796875 0.07763671875 0.41796875 0.26513671875 0.42578125 0.27099609375 0.423828125 0.06298828125 0.435546875 0.04833984375