4 0.6533203125 0 0.646484375 0.11206054583333333 0.6640625 0.40649414166666664 0.6806640625 0.44384765625 0.6943359375 0.45703125 0.705078125 0.45483398333333336 0.7236328125 0.4306640625 0.73046875 0.41088867083333336 0.734375 0.38891601666666664 0.732421875 0.33178710833333336 0.7412109375 0.31640625 0.7607421875 0.31640625 0.8095703125 0.3427734375 0.8505859375 0.34716796875 0.8681640625 0.3955078125 0.9072265625 0.39111328125 0.9111328125 0.38232421875 0.9619140625 0.38232421875 0.974609375 0.34936523333333336 0.98046875 0.27905273333333336 0.98046875 0.13842773333333333 0.974609375 0.08129882916666667 0.9208984375 0.0703125 0.9169921875 0.05712890625 0.8935546875 0.05712890625 0.876953125 0.09448242083333333 0.861328125 0.19555664166666667 0.8544921875 0.21533203125 0.7919921875 0.2021484375 0.779296875 0.19116210833333333 0.7685546875 0.13623046875 0.7490234375 0.13623046875 0.73828125 0.12084960833333333 0.736328125 0.09887695416666667 0.724609375 0.08129882916666667 0.7119140625 0 0.6533203125 0
14 0.6484375 0.12084960833333333 0.630859375 0.08569335833333333 0.634765625 0.07250976666666667 0.6259765625 0.05712890625 0.5986328125 0.03515625 0.5712890625 0.0263671875 0.5478515625 0.0439453125 0.5380859375 0.0703125 0.5234375 0.07690429583333333 0.5234375 0.14721679583333333 0.515625 0.18237304583333333 0.51171875 0.24389648333333333 0.5166015625 0.25927734375 0.5244140625 0.263671875 0.5859375 0.26147460833333336 0.609375 0.18676757916666667 0.609375 0.13403320416666667 0.5908203125 0.0791015625 0.5771484375 0.06591796875 0.548828125 0.06372070416666667 0.5673828125 0.03955078125 0.5888671875 0.0439453125 0.6201171875 0.08349609375 0.6455078125 0.140625 0.6484375 0.12084960833333333
7 0.474609375 0.6262207041666666 0.46484375 0.22192382916666667 0.4609375 0.21313476666666667 0.458984375 0.14282226666666667 0.458984375 0.006591795833333333 0.4423828125 0 0.43359375 0.6701660166666666 0.4365234375 0.6767578125 0.47265625 0.6745605458333334 0.474609375 0.6262207041666666
5 0.0625 0.48999023333333336 0.06640625 0.45483398333333336 0.064453125 0.41088867083333336 0.0537109375 0.38671875 0.0283203125 0.35595703125 0.0166015625 0.3603515625 0.013671875 0.37573242083333336 0.03125 0.46801757916666664 0.009765625 0.5383300791666666 0.013671875 0.9865722666666666 0.021484375 0.9953613291666666 0.02734375 0.9733886708333334 0.029296875 0.5954589833333334 0.03125 0.5646972666666666 0.0439453125 0.52734375 0.046875 0.5734863291666666 0.041015625 0.9514160166666666 0.0439453125 0.96240234375 0.0498046875 0.96240234375 0.0546875 0.9470214833333334 0.0625 0.48999023333333336
11 0.12109375 0.46801757916666664 0.11328125 0.5119628916666666 0.107421875 0.6306152333333334 0.1005859375 0.65478515625 0.08984375 0.6569824208333334 0.09765625 0.6745605458333334 0.09765625 0.6965332041666666 0.083984375 0.8063964833333334 0.087890625 0.8767089833333334 0.0859375 0.9558105458333334 0.0927734375 0.966796875 0.1015625 0.9470214833333334 0.103515625 0.7932128916666666 0.1240234375 0.685546875 0.13671875 0.7756347666666666 0.13671875 0.8415527333333334 0.12890625 0.9514160166666666 0.1357421875 0.97119140625 0.140625 0.9689941416666666 0.146484375 0.9426269541666666 0.146484375 0.8986816416666666 0.15625 0.8107910166666666 0.150390625 0.6833496083333334 0.16015625 0.6701660166666666 0.140625 0.6394042958333334 0.14453125 0.5207519541666666 0.13671875 0.46801757916666664 0.1259765625 0.46142578125 0.12109375 0.46801757916666664
11 0.189453125 0.8635253916666666 0.1953125 0.9602050791666666 0.2021484375 0.97119140625 0.20703125 0.9602050791666666 0.205078125 0.7932128916666666 0.220703125 0.7009277333333334 0.2255859375 0.6943359375 0.240234375 0.7888183583333334 0.240234375 0.8591308583333334 0.232421875 0.9645996083333334 0.2421875 0.9689941416666666 0.25390625 0.8591308583333334 0.25390625 0.7800292958333334 0.240234375 0.6833496083333334 0.240234375 0.5734863291666666 0.234375 0.5339355458333334 0.2255859375 0.52294921875 0.2109375 0.5910644541666666 0.2109375 0.6833496083333334 0.1953125 0.7492675791666666 0.189453125 0.8635253916666666
12 0.353515625 0.5866699208333334 0.36328125 0.6130371083333334 0.36328125 0.7009277333333334 0.359375 0.8811035166666666 0.349609375 0.9514160166666666 0.349609375 0.9953613291666666 0.376953125 0.9953613291666666 0.376953125 0.9250488291666666 0.37109375 0.9118652333333334 0.376953125 0.6481933583333334 0.37890625 0.6130371083333334 0.392578125 0.5690917958333334 0.3857421875 0.5361328125 0.3759765625 0.52294921875 0.3642578125 0.52294921875 0.3515625 0.5559082041666666 0.353515625 0.5866699208333334
15 0.44140625 0.9953613291666666 0.46484375 0.9997558583333334 0.474609375 0.9909667958333334 0.470703125 0.8635253916666666 0.466796875 0.8503417958333334 0.46875 0.7800292958333334 0.4658203125 0.7646484375 0.4482421875 0.74267578125 0.443359375 0.7800292958333334 0.443359375 0.8723144541666666 0.439453125 0.8811035166666666 0.44140625 0.9953613291666666
13 0.4951171875 0.40869140625 0.5400390625 0.40869140625 0.541015625 0.42846679583333336 0.548828125 0.43286132916666664 0.5517578125 0.42626953125 0.5908203125 0.4306640625 0.595703125 0.41967773333333336 0.59375 0.36694335833333336 0.5615234375 0.36474609375 0.5556640625 0.3779296875 0.5419921875 0.369140625 0.5400390625 0.3955078125 0.494140625 0.39770507916666664 0.4951171875 0.40869140625
13 0.5439453125 0.5537109375 0.591796875 0.5559082041666666 0.59765625 0.5383300791666666 0.59765625 0.49877929583333336 0.5927734375 0.48779296875 0.5458984375 0.48779296875 0.5419921875 0.51416015625 0.4970703125 0.509765625 0.494140625 0.5163574208333334 0.5009765625 0.52734375 0.5419921875 0.52734375 0.5439453125 0.5537109375
13 0.6358399796875001 1 0.6328092359374999 0.9215942979166667 0.6367492125 0.9065989062500001 0.6349307703125 0.8895586937500001 0.626444678125 0.8929667375 0.62890625 0.5031738291666666 0.6240234375 0.47900390625 0.6197770515625 0.8916035395833333 0.6112909609375 0.8909219166666666 0.614018634375 0.920231075 0.6128063328125 1 0.6358399796875001 1
13 0.689453125 0.9953613291666666 0.69140625 0.9294433583333334 0.68359375 0.9030761708333334 0.68359375 0.5866699208333334 0.6767578125 0.580078125 0.677734375 0.9118652333333334 0.669921875 0.9382324208333334 0.671875 0.9953613291666666 0.685546875 0.9997558583333334 0.689453125 0.9953613291666666
13 0.75390625 0.9997558583333334 0.75390625 0.8898925791666666 0.74609375 0.8811035166666666 0.7421875 0.6174316416666666 0.7373046875 0.61083984375 0.734375 0.6437988291666666 0.740234375 0.8811035166666666 0.73046875 0.8898925791666666 0.734375 0.9162597666666666 0.732421875 0.9953613291666666 0.75390625 0.9997558583333334