14 0.69921875 0.2021484375 0.701171875 0.2158203125 0.7119140625 0.224609375 0.73828125 0.2236328125 0.8095703125 0.22265625 0.8125 0.2177734375 0.8125 0.1630859375 0.80859375 0.1513671875 0.7978515625 0.138671875 0.7744140625 0.125 0.7490234375 0.123046875 0.7314453125 0.12890625 0.708984375 0.1552734375 0.69921875 0.2021484375
15 0.60546875 0.2763671875 0.599609375 0.4013671875 0.591796875 0.4521484375 0.5859375 0.4638671875 0.587890625 0.5029296875 0.6044921875 0.51171875 0.62109375 0.5107421875 0.6337890625 0.505859375 0.646484375 0.4931640625 0.658203125 0.4580078125 0.658203125 0.2783203125 0.646484375 0.2705078125 0.646484375 0.2470703125 0.6416015625 0.2421875 0.6181640625 0.24609375 0.61328125 0.2705078125 0.60546875 0.2763671875
10 0.513671875 0.1904296875 0.5029296875 0.18359375 0.4404296875 0.177734375 0.3955078125 0.189453125 0.3642578125 0.185546875 0.3505859375 0.20703125 0.2900390625 0.20703125 0.224609375 0.2216796875 0.2275390625 0.228515625 0.2451171875 0.232421875 0.3173828125 0.240234375 0.3505859375 0.23828125 0.3642578125 0.255859375 0.3857421875 0.25390625 0.4345703125 0.263671875 0.46875 0.2626953125 0.48828125 0.2548828125 0.4873046875 0.240234375 0.4248046875 0.240234375 0.3955078125 0.228515625 0.38671875 0.2197265625 0.4013671875 0.208984375 0.4287109375 0.201171875 0.4873046875 0.203125 0.5107421875 0.19921875 0.513671875 0.1904296875
13 0.697265625 0.3427734375 0.6943359375 0.28125 0.69140625 0.3408203125 0.685546875 0.3486328125 0.6796875 0.5029296875 0.6845703125 0.5078125 0.69921875 0.5068359375 0.705078125 0.3642578125 0.697265625 0.3427734375
13 0.71875 0.4833984375 0.724609375 0.4892578125 0.7265625 0.4365234375 0.734375 0.4208984375 0.736328125 0.3974609375 0.73828125 0.2919921875 0.7314453125 0.26953125 0.720703125 0.2744140625 0.716796875 0.2919921875 0.71484375 0.4208984375 0.720703125 0.4287109375 0.71875 0.4833984375
13 0.76171875 0.3427734375 0.7607421875 0.271484375 0.755859375 0.2861328125 0.755859375 0.3408203125 0.748046875 0.3505859375 0.744140625 0.5029296875 0.76171875 0.5048828125 0.767578125 0.3486328125 0.76171875 0.3427734375
13 0.787109375 0.4775390625 0.791015625 0.4287109375 0.798828125 0.4130859375 0.802734375 0.2919921875 0.7978515625 0.267578125 0.78515625 0.2724609375 0.78125 0.2900390625 0.779296875 0.4208984375 0.78515625 0.4306640625 0.783203125 0.4755859375 0.787109375 0.4775390625
11 0.4150390625 0.306640625 0.412109375 0.2939453125 0.3974609375 0.279296875 0.3818359375 0.283203125 0.2998046875 0.279296875 0.2373046875 0.28515625 0.23046875 0.2900390625 0.228515625 0.3017578125 0.2412109375 0.3125 0.2744140625 0.30859375 0.2880859375 0.306640625 0.3176903125 0.3052880854166667 0.3388671875 0.30859375 0.400390625 0.3251953125 0.3466796875 0.34375 0.2646484375 0.33984375 0.2548828125 0.34765625 0.2470703125 0.345703125 0.232421875 0.3525390625 0.232421875 0.3603515625 0.2431640625 0.3671875 0.333984375 0.3701171875 0.4013671875 0.369140625 0.4140625 0.3564453125 0.4189453125 0.34375 0.4853515625 0.341796875 0.5068359375 0.3359375 0.513671875 0.3291015625 0.513671875 0.3212890625 0.5048828125 0.314453125 0.4736328125 0.306640625 0.4150390625 0.306640625
0 0.6689453125 0.669921875 0.6435546875 0.669921875 0.6240234375 0.6640625 0.5732421875 0.671875 0.5126953125 0.66796875 0.4306640625 0.673828125 0.4052734375 0.66796875 0.3681640625 0.650390625 0.3525390625 0.650390625 0.3203125 0.6708984375 0.314453125 0.6904296875 0.3212890625 0.697265625 0.3466796875 0.703125 0.3642578125 0.701171875 0.376953125 0.7236328125 0.38671875 0.7275390625 0.4189453125 0.705078125 0.4521484375 0.697265625 0.4853515625 0.705078125 0.5048828125 0.705078125 0.5166015625 0.697265625 0.5791015625 0.697265625 0.6396484375 0.705078125 0.6787109375 0.697265625 0.68359375 0.6826171875 0.6689453125 0.669921875
13 0.224609375 0.7392578125 0.2138671875 0.7421875 0.208984375 0.7490234375 0.208984375 0.7822265625 0.19140625 0.8701171875 0.1962890625 0.880859375 0.2265625 0.8798828125 0.240234375 0.8740234375 0.24609375 0.8447265625 0.244140625 0.7841796875 0.25 0.7587890625 0.248046875 0.7509765625 0.232421875 0.7412109375 0.2421875 0.6689453125 0.2392578125 0.63671875 0.232421875 0.6513671875 0.224609375 0.7392578125
13 0.2578125 0.5908203125 0.259765625 0.6630859375 0.255859375 0.6767578125 0.2666015625 0.6796875 0.26953125 0.6904296875 0.255859375 0.8154296875 0.2607421875 0.826171875 0.26953125 0.8251953125 0.275390625 0.8095703125 0.27734375 0.6865234375 0.29296875 0.6767578125 0.291015625 0.6435546875 0.298828125 0.6162109375 0.298828125 0.5849609375 0.2880859375 0.56640625 0.2666015625 0.568359375 0.259765625 0.5751953125 0.2578125 0.5908203125
7 0.5244140625 0.779296875 0.4873046875 0.78515625 0.4794921875 0.78125 0.3955078125 0.783203125 0.3564453125 0.779296875 0.330078125 0.7685546875 0.3359375 0.7548828125 0.34765625 0.7490234375 0.34765625 0.7392578125 0.359375 0.7294921875 0.361328125 0.7177734375 0.3544921875 0.71484375 0.3017578125 0.75 0.28125 0.7802734375 0.279296875 0.8134765625 0.287109375 0.8330078125 0.28515625 0.8603515625 0.318359375 0.8623046875 0.322265625 0.8564453125 0.322265625 0.8251953125 0.3291015625 0.814453125 0.4169921875 0.810546875 0.5673828125 0.81640625 0.6123046875 0.810546875 0.62109375 0.8037109375 0.623046875 0.7939453125 0.5986328125 0.78125 0.5244140625 0.779296875