11 0.7607421875 0.7578822541666667 0.8857421875 0.83133370625 0.9580078125 0.8558175229166667 0.990234375 0.8462960375 0.9755859375 0.7986886166666667 0.8583984375 0.7606026791666667 0.783203125 0.6993931354166667 0.8662109375 0.67898995625 0.9990234375 0.6953125 0.9990234375 0.6327427458333333 0.9091796875 0.619140625 0.7919921875 0.6245814729166667 0.763671875 0.5878557479166666 0.7509765625 0.6490652895833333 0.7294921875 0.6517857145833333 0.6904296875 0.6164202 0.6123046875 0.6109793520833333 0.603515625 0.6259416854166666 0.6103515625 0.63546316875 0.65625 0.658586775 0.6025390625 0.6517857145833333 0.59375 0.6721888958333333 0.7158203125 0.7197963166666667 0.7255859375 0.7796456479166667 0.7607421875 0.7578822541666667
14 0.9404296875 0.11858258958333333 0.9189453125 0.162109375 0.5693359375 0.37158203125 0.5390625 0.40286690833333333 0.5556640625 0.43959263333333337 0.5693359375 0.43687221041666663 0.9287109375 0.21379743333333331 0.9462890625 0.27908761249999997 0.9990234375 0.30085100416666666 1 0.09545898333333333 0.9921875 0.09545898333333333 0.9404296875 0.11858258958333333
3 0.34375 0.60145786875 0.3427734375 0.56201171875 0.3935546875 0.54296875 0.4140625 0.5144042958333334 0.4072265625 0.49128069166666666 0.3896484375 0.48311941875000003 0.3232421875 0.5021623875 0.3203125 0.47903878333333333 0.298828125 0.45999581458333333 0.2783203125 0.49672153958333337 0.1494140625 0.49672153958333337 0.080078125 0.5742536270833334 0.1513671875 0.5538504458333333 0.263671875 0.5552106583333334 0.1923828125 0.6055385041666667 0.1044921875 0.6300223208333333 0.08984375 0.6803501666666667 0.1962890625 0.6626674104166667 0.2939453125 0.5946568083333333 0.3349609375 0.6136997770833333 0.34375 0.60145786875
7 0.7900390625 0.8612583708333333 0.7294921875 0.82861328125 0.7177734375 0.8014090395833333 0.5908203125 0.67898995625 0.5498046875 0.6572265625 0.546875 0.6123395645833334 0.607421875 0.5524902333333334 0.591796875 0.5062430250000001 0.5625 0.4899204791666667 0.5244140625 0.56473214375 0.4853515625 0.5728934145833333 0.443359375 0.6422642291666667 0.439453125 0.75108119375 0.4638671875 0.844935825 0.466796875 0.75108119375 0.4814453125 0.7225167416666667 0.4931640625 0.7225167416666667 0.6103515625 0.8014090395833333 0.8212890625 0.997279575 0.93359375 0.9986397875 0.7900390625 0.8612583708333333
0 0.5361328125 0.923828125 0.6142578125 0.8966238833333333 0.6142578125 0.8748604916666667 0.56640625 0.8517368854166667 0.5830078125 0.8340541291666667 0.6318359375 0.8422154020833333 0.634765625 0.8326939166666667 0.5986328125 0.79324776875 0.541015625 0.7755650104166667 0.4775390625 0.8177315854166667 0.4677734375 0.8530970979166667 0.4501953125 0.82589285625 0.3916015625 0.8204520083333333 0.1806640625 0.82861328125 0.1025390625 0.8585379458333333 0.09375 0.8952636708333334 0.1083984375 0.9183872770833333 0.1494140625 0.92654855 0.4130859375 0.8884626125 0.4794921875 0.8939034604166667 0.5361328125 0.923828125
10 0.1162109375 1 0.318359375 0.94151088125 0.3115234375 0.9183872770833333 0.1494140625 0.9292689729166667 0.08203125 0.9088657916666667 0.0712890625 0.9211077 0.0009765625 0.9156668520833333 0 0.9578334270833333 0.0703125 0.9741559708333334 0.0419921875 1 0.1162109375 1
16 0.39198157031249997 0.6136997770833333 0.38709875781249997 0.60145786875 0.40077063281249997 0.579694475 0.38709875781249997 0.5742536270833334 0.33534094531249997 0.6164202 0.0912003203125 0.692592075 0.0824112578125 0.7293178020833333 0.1068253203125 0.7442801333333333 0.1497940703125 0.71163504375 0.31580969531249997 0.6517857145833333 0.37245032031249997 0.6327427458333333 0.3873498203125 0.6470636291666667 0.40760657031249997 0.64090401875 0.413570803125 0.6322497729166667 0.42030188281249997 0.6096191416666666 0.39198157031249997 0.6136997770833333
16 0.3623046875 0.7225167416666667 0.3724338875 0.7143827270833333 0.37890625 0.6939522875 0.3530531421875 0.6948072916666667 0.3424127640625 0.6773480875 0.361413471875 0.66623775625 0.359375 0.6531459270833333 0.341796875 0.6504255020833334 0.3017578125 0.6817103791666667 0.1552734375 0.7197963166666667 0.1083984375 0.7442801333333333 0.0341796875 0.74972098125 0.01953125 0.7619628916666666 0.017578125 0.79188755625 0.0400390625 0.8095703125 0.0791015625 0.7769252229166667 0.2197265625 0.7361188625 0.3037109375 0.71435546875 0.32531212656249997 0.7127955333333333 0.3623046875 0.7225167416666667
16 0.428675965625 0.7662311604166666 0.431640625 0.7456403458333334 0.3994140625 0.74972098125 0.396484375 0.7374790729166667 0.4140625 0.7238769541666666 0.4140625 0.7102748333333333 0.388671875 0.7075544083333334 0.3427734375 0.7415597104166667 0.0654296875 0.8014090395833333 0.052734375 0.8136509479166667 0.05078125 0.8381347666666666 0.0615234375 0.8585379458333333 0.0810546875 0.8612583708333333 0.1162109375 0.82861328125 0.3623046875 0.771484375 0.3762340296875 0.7715218187499999 0.399034878125 0.7842194020833334 0.4189453125 0.7769252229166667 0.428675965625 0.7662311604166666
16 0.43359375 0.16891043541666667 0.455078125 0.0845772875 0.4541015625 0.07233537916666667 0.4375 0.07369559166666666 0.41796875 0.15530831458333333 0.41300377343749994 0.17526802291666668 0.400390625 0.18251255624999999 0.40312341093750004 0.20754100208333334 0.40920363125000003 0.21071542916666666 0.41300377343749994 0.1974887875 0.42364418125 0.19854692291666665 0.42478420625 0.21018633125 0.4306640625 0.21107700833333334 0.43124446406250005 0.21071542916666666 0.435546875 0.19611467708333336 0.43359375 0.16891043541666667
16 0.380859375 0.07369559166666666 0.381082578125 0.10490230833333333 0.3731022859375 0.11918706666666666 0.373046875 0.13898577083333336 0.3818359375 0.15122767916666666 0.38526275625 0.13188465208333333 0.39780320625 0.13294276666666666 0.4072265625 0.14578683125 0.412109375 0.12538364999999999 0.40540349062500003 0.10860575208333333 0.40084333125000005 0.09961165208333332 0.3984375 0.07369559166666666 0.380859375 0.07369559166666666
16 0.333984375 0.17707170833333336 0.3525390625 0.1974748875 0.349825709375 0.17420335625 0.3635062140625 0.17367429791666666 0.3740234375 0.18659319166666669 0.376953125 0.16619001041666664 0.361328125 0.13354492083333333 0.353515625 0.07641601666666667 0.333984375 0.07369559166666666 0.339945346875 0.14298847083333335 0.333984375 0.17707170833333336