14 0.87109375 0.7336647729166667 0.767578125 0.7488839291666667 0.767578125 0.8432426958333333 0.7900390625 0.8904220770833333 0.8251953125 0.9025974020833334 0.861328125 0.8767248375 0.873046875 0.8371550333333333 0.87109375 0.7336647729166667
0 0.6611328125 0.7077922083333333 0.6884765625 0.6895292208333333 0.708984375 0.6423498375 0.681640625 0.5297280854166667 0.6953125 0.22230113541666666 0.689453125 0.191862825 0.6796875 0.18273133125 0.6591796875 0.19338473958333333 0.65234375 0.21316964375 0.650390625 0.5145089291666667 0.64453125 0.5571225645833333 0.625 0.5997362020833333 0.6484375 0.6271306812499999 0.6611328125 0.7077922083333333
7 0.5771484375 0.777800325 0.5302734375 0.7351866875 0.51953125 0.7367086041666667 0.5498046875 0.7930194812500001 0.5908203125 0.8204139604166667 0.68359375 0.8006290583333333 0.6806640625 0.753449675 0.6376953125 0.7564935062499999 0.615234375 0.7184456166666667 0.6171875 0.5023336041666666 0.62890625 0.32579139583333333 0.626953125 0.15533685 0.62109375 0.14620535625 0.5927734375 0.14772727291666668 0.5859375 0.1796875 0.587890625 0.46276379791666666 0.59765625 0.5236404229166667 0.599609375 0.6271306812499999 0.595703125 0.7214894479166667 0.5771484375 0.777800325
15 0.548828125 0.6971387979166667 0.560546875 0.35622970833333334 0.513671875 0.2953530854166667 0.498046875 0.3014407458333333 0.509765625 0.5358157458333334 0.501953125 0.6088676958333333 0.515625 0.6301745125 0.515625 0.7062702916666667 0.5322265625 0.7138798708333333 0.548828125 0.6971387979166667
13 0.951171875 0.6758319812500001 0.94140625 0.6667004875 0.94140625 0.39884334375 0.93359375 0.4079748375 0.93359375 0.66365665625 0.921875 0.6788758125 0.9267578125 0.8173701291666667 0.9462890625 0.8173701291666667 0.951171875 0.8036728895833334 0.951171875 0.6758319812500001
13 0.9296875 0.6271306812499999 0.927734375 0.35014204583333336 0.94140625 0.32883522708333335 0.943359375 0.28013392916666663 0.943359375 0.12489853958333333 0.9296875 0.11272321458333333 0.904296875 0.12489853958333333 0.908203125 0.3014407458333333 0.90234375 0.32579139583333333 0.916015625 0.34101055208333336 0.91796875 0.36840503333333335 0.9169921875 0.6286525979166666 0.9296875 0.6271306812499999
13 0.88671875 0.3349228895833333 0.900390625 0.32274756458333337 0.900390625 0.11881087708333334 0.890625 0.10967938333333334 0.8662109375 0.11120129791666668 0.861328125 0.14620535625 0.861328125 0.32274756458333337 0.875 0.34101055208333336 0.8740234375 0.6073457791666667 0.8828125 0.5966923708333333 0.88671875 0.3349228895833333
13 0.9140625 0.8128043833333333 0.916015625 0.7884537333333334 0.916015625 0.684963475 0.90625 0.6758319812500001 0.90625 0.401887175 0.900390625 0.4140625 0.8984375 0.67278815 0.88671875 0.68191964375 0.8828125 0.8036728895833334 0.8857421875 0.8173701291666667 0.9013671875 0.8234577916666667 0.9140625 0.8128043833333333
11 0.3193359375 0.49776785625000003 0.310546875 0.5114650979166666 0.30859375 0.6453936687499999 0.3203125 0.7032264604166667 0.314453125 0.7488839291666667 0.333984375 0.7732345770833333 0.333984375 0.8280235395833333 0.3525390625 0.9025974020833334 0.37109375 0.8889001625 0.37890625 0.7793222395833334 0.3984375 0.7427962666666666 0.388671875 0.7123579541666667 0.40234375 0.6484375 0.3984375 0.5266842541666666 0.390625 0.49624594166666663 0.3818359375 0.494724025 0.375 0.5114650979166666 0.375 0.6301745125 0.3544921875 0.7108360395833333 0.33203125 0.6301745125 0.330078125 0.5053774354166667 0.3193359375 0.49776785625000003
10 0.3359375 0.43841315 0.349609375 0.5571225645833333 0.3583984375 0.56473214375 0.375 0.44145698125 0.373046875 0.3957995125 0.3818359375 0.36992694791666664 0.39453125 0.3623173708333333 0.384765625 0.33187905833333337 0.400390625 0.2953530854166667 0.40625 0.23447646041666664 0.39453125 0.143161525 0.3798828125 0.12033279166666667 0.373046875 0.13098620208333334 0.380859375 0.191862825 0.376953125 0.27100243541666663 0.3583984375 0.32122565 0.34765625 0.31361607083333337 0.328125 0.24056412291666665 0.33203125 0.11576704583333333 0.3212890625 0.11424512916666667 0.310546875 0.14620535625 0.302734375 0.26491477291666665 0.32421875 0.32579139583333333 0.318359375 0.3623173708333333 0.337890625 0.38058035625000003 0.3359375 0.43841315
1 0.1474609375 0.3029626625 0.0771484375 0.31818181875 0.0419921875 0.309050325 0.037109375 0.31970373333333335 0.048828125 0.7975852270833333 0.0517578125 0.8112824666666667 0.0634765625 0.8143262979166667 0.1298828125 0.7717126625 0.162109375 0.7275771104166666 0.169921875 0.42928165625 0.1796875 0.4079748375 0.185546875 0.33187905833333337 0.205078125 0.24360795416666667 0.1953125 0.20708198125 0.1650390625 0.17207792291666665 0.0546875 0.11272321458333333 0.033203125 0.11881087708333334 0.02734375 0.1796875 0.0341796875 0.19642857083333334 0.1025390625 0.21469155833333334 0.1455078125 0.24512987083333335 0.158203125 0.26795860416666667 0.1474609375 0.3029626625