14 0.861328125 0.1232751625 0.8251953125 0.09740259791666667 0.7900390625 0.10957792291666667 0.767578125 0.15675730416666667 0.767578125 0.2511160708333333 0.87109375 0.26633522708333335 0.873046875 0.16284496666666665 0.861328125 0.1232751625
0 0.6953125 0.7776988645833334 0.681640625 0.4702719145833333 0.708984375 0.3576501625 0.6884765625 0.31047077916666665 0.6611328125 0.29220779166666666 0.6484375 0.37286931875 0.625 0.40026379791666666 0.64453125 0.44287743541666663 0.650390625 0.48549107083333337 0.65234375 0.78683035625 0.6591796875 0.8066152604166666 0.6796875 0.8172686687499999 0.689453125 0.808137175 0.6953125 0.7776988645833334
7 0.62890625 0.6742086041666667 0.6171875 0.49766639583333333 0.615234375 0.2815543833333333 0.6376953125 0.24350649375 0.6806640625 0.246550325 0.68359375 0.19937094166666666 0.5908203125 0.17958603958333336 0.5498046875 0.20698051875 0.51953125 0.26329139583333333 0.5302734375 0.2648133125 0.5771484375 0.222199675 0.595703125 0.27851055208333336 0.599609375 0.37286931875 0.59765625 0.4763595770833333 0.587890625 0.5372362020833333 0.5859375 0.8203125 0.5927734375 0.8522727270833333 0.62109375 0.85379464375 0.626953125 0.84466315 0.62890625 0.6742086041666667
15 0.548828125 0.30286120208333334 0.5322265625 0.2861201291666667 0.515625 0.29372970833333334 0.515625 0.3698254875 0.501953125 0.39113230416666667 0.509765625 0.4641842541666667 0.498046875 0.6985592541666666 0.513671875 0.7046469145833334 0.560546875 0.6437702916666667 0.548828125 0.30286120208333334
13 0.951171875 0.32416801875 0.951171875 0.19632711041666667 0.9462890625 0.18262987083333335 0.9267578125 0.18262987083333335 0.921875 0.3211241875 0.93359375 0.33634334375 0.93359375 0.5920251625 0.94140625 0.60115665625 0.94140625 0.3332995125 0.951171875 0.32416801875
13 0.943359375 0.7198660708333333 0.94140625 0.6711647729166667 0.927734375 0.6498579541666667 0.9296875 0.37286931875 0.9169921875 0.37134740208333333 0.91796875 0.6315949666666667 0.916015625 0.6589894479166667 0.90234375 0.6742086041666667 0.908203125 0.6985592541666666 0.904296875 0.8751014604166667 0.9296875 0.8872767854166667 0.943359375 0.8751014604166667 0.943359375 0.7198660708333333
13 0.900390625 0.6772524354166667 0.88671875 0.6650771104166666 0.8828125 0.4033076291666667 0.8740234375 0.39265422083333335 0.875 0.6589894479166667 0.861328125 0.6772524354166667 0.861328125 0.85379464375 0.8662109375 0.8887987020833333 0.890625 0.8903206166666667 0.900390625 0.8811891229166666 0.900390625 0.6772524354166667
13 0.916015625 0.315036525 0.916015625 0.21154626666666668 0.9140625 0.18719561666666668 0.9013671875 0.17654220833333334 0.8857421875 0.18262987083333335 0.8828125 0.19632711041666667 0.88671875 0.31808035625000003 0.8984375 0.32721185 0.900390625 0.5859375 0.90625 0.598112825 0.90625 0.32416801875 0.916015625 0.315036525
11 0.40234375 0.3515625 0.388671875 0.28764204583333336 0.3984375 0.25720373333333335 0.37890625 0.22067776041666667 0.37109375 0.1110998375 0.3525390625 0.09740259791666667 0.333984375 0.17197646041666664 0.333984375 0.22676542291666665 0.314453125 0.2511160708333333 0.3203125 0.29677353958333336 0.30859375 0.35460633125 0.310546875 0.48853490208333333 0.3193359375 0.50223214375 0.330078125 0.49462256458333337 0.33203125 0.3698254875 0.3544921875 0.28916396041666664 0.375 0.3698254875 0.375 0.48853490208333333 0.3818359375 0.505275975 0.390625 0.5037540583333333 0.3984375 0.4733157458333333 0.40234375 0.3515625
10 0.34765625 0.6863839291666667 0.3583984375 0.67877435 0.376953125 0.7289975645833333 0.380859375 0.808137175 0.373046875 0.8690137979166667 0.3798828125 0.8796672083333333 0.39453125 0.856838475 0.40625 0.7655235395833333 0.400390625 0.7046469145833334 0.384765625 0.6681209416666667 0.39453125 0.6376826291666667 0.3818359375 0.6300730520833333 0.373046875 0.6042004875 0.375 0.5585430187499999 0.3583984375 0.43526785625000003 0.349609375 0.44287743541666663 0.3359375 0.56158685 0.337890625 0.61941964375 0.318359375 0.6376826291666667 0.32421875 0.6742086041666667 0.302734375 0.7350852270833333 0.310546875 0.85379464375 0.3212890625 0.8857548708333333 0.33203125 0.8842329541666667 0.328125 0.7594358770833334 0.34765625 0.6863839291666667
1 0.1953125 0.7929180187499999 0.205078125 0.7563920458333333 0.185546875 0.6681209416666667 0.1796875 0.5920251625 0.169921875 0.57071834375 0.162109375 0.2724228895833333 0.1298828125 0.2282873375 0.0634765625 0.18567370208333334 0.0517578125 0.18871753333333335 0.048828125 0.20241477291666668 0.037109375 0.6802962666666666 0.0419921875 0.690949675 0.0771484375 0.6818181812499999 0.1474609375 0.6970373375 0.158203125 0.7320413958333333 0.1455078125 0.7548701291666667 0.1025390625 0.7853084416666667 0.0341796875 0.8035714291666667 0.02734375 0.8203125 0.033203125 0.8811891229166666 0.0546875 0.8872767854166667 0.1650390625 0.8279220770833333 0.1953125 0.7929180187499999