4 0.408203125 0.8330078125 0.396484375 0.8251953125 0.3984375 0.7841796875 0.38671875 0.7763671875 0.384765625 0.7275390625 0.384765625 0.7177734375 0.4052734375 0.70703125 0.41796875 0.6865234375 0.412109375 0.6669921875 0.4013671875 0.66015625 0.3349609375 0.66015625 0.294921875 0.6884765625 0.3056640625 0.69921875 0.3232421875 0.701171875 0.3359375 0.7294921875 0.353515625 0.7373046875 0.35546875 0.7783203125 0.3291015625 0.783203125 0.318359375 0.7939453125 0.3154296875 0.83203125 0.294921875 0.8310546875 0.2978515625 0.84765625 0.3359375 0.8525390625 0.408203125 0.8408203125 0.408203125 0.8330078125
7 0.4677734375 0.85546875 0.4462890625 0.8515625 0.4443359375 0.845703125 0.4091796875 0.845703125 0.3837890625 0.853515625 0.376953125 0.8623046875 0.3818359375 0.869140625 0.4501953125 0.865234375 0.5859375 0.8818359375 0.5869140625 0.859375 0.4677734375 0.85546875
13 0.40625 0.4345703125 0.41015625 0.4306640625 0.41015625 0.4111328125 0.412109375 0.4091796875 0.4140625 0.3837890625 0.41015625 0.3681640625 0.4072265625 0.365234375 0.3994140625 0.365234375 0.39453125 0.3720703125 0.392578125 0.3935546875 0.396484375 0.4091796875 0.396484375 0.4287109375 0.400390625 0.4326171875 0.400390625 0.4833984375 0.404296875 0.4853515625 0.40625 0.4833984375 0.40625 0.4345703125
13 0.443359375 0.4404296875 0.44140625 0.4208984375 0.4453125 0.4033203125 0.4453125 0.3876953125 0.44140625 0.3740234375 0.4384765625 0.37109375 0.4287109375 0.37109375 0.423828125 0.3818359375 0.421875 0.3994140625 0.427734375 0.4287109375 0.42578125 0.4423828125 0.431640625 0.4482421875 0.431640625 0.5126953125 0.435546875 0.5126953125 0.435546875 0.4482421875 0.443359375 0.4404296875
10 0.50390625 0.4248046875 0.498046875 0.4052734375 0.498046875 0.3935546875 0.5 0.3916015625 0.49696566718749996 0.38626831250000004 0.490823825 0.38457476875 0.4921875 0.3662109375 0.48828235781249996 0.33419202708333334 0.4846819671875 0.36763939375 0.481081559375 0.36763939375 0.47811653749999994 0.3337686458333333 0.47578685624999995 0.35028064374999995 0.4765625 0.3818359375 0.46964501406250003 0.3877501520833333 0.466796875 0.3916015625 0.46875 0.3935546875 0.46875 0.4052734375 0.462890625 0.4248046875 0.462890625 0.4541015625 0.4658203125 0.45703125 0.47265625 0.4560546875 0.4765625 0.4130859375 0.478515625 0.4072265625 0.4853515625 0.404296875 0.48828125 0.4072265625 0.4921875 0.4228515625 0.494140625 0.4560546875 0.501953125 0.4560546875 0.50390625 0.4541015625 0.50390625 0.4248046875
3 0.537109375 0.4482421875 0.5390625 0.4462890625 0.541015625 0.4208984375 0.544921875 0.4111328125 0.5498046875 0.40625 0.55859375 0.4130859375 0.560546875 0.4189453125 0.5625 0.4443359375 0.564453125 0.4462890625 0.564453125 0.4716796875 0.5673828125 0.474609375 0.5732421875 0.474609375 0.576171875 0.4716796875 0.576171875 0.4345703125 0.5703125 0.4150390625 0.5703125 0.3916015625 0.560546875 0.3837890625 0.560546875 0.3642578125 0.5537109375 0.357421875 0.5478515625 0.357421875 0.544921875 0.3603515625 0.541015625 0.3701171875 0.541015625 0.3837890625 0.53125 0.3916015625 0.533203125 0.4052734375 0.525390625 0.4365234375 0.525390625 0.4638671875 0.5234375 0.4658203125 0.525390625 0.4716796875 0.5302734375 0.4765625 0.533203125 0.4755859375 0.537109375 0.4716796875 0.537109375 0.4482421875
11 0.638671875 0.4677734375 0.638671875 0.4423828125 0.630859375 0.4169921875 0.630859375 0.3916015625 0.62109375 0.3837890625 0.6169556843749999 0.3537247375 0.614837803125 0.3441985895833334 0.6070016500000001 0.34356350625 0.603515625 0.3544921875 0.6015625 0.3837890625 0.591796875 0.3916015625 0.591796875 0.4169921875 0.5859375 0.4365234375 0.5859375 0.4716796875 0.5908203125 0.4765625 0.59765625 0.4716796875 0.6015625 0.4228515625 0.60546875 0.4111328125 0.6123046875 0.404296875 0.619140625 0.4130859375 0.623046875 0.4287109375 0.625 0.4716796875 0.6298828125 0.4765625 0.6328125 0.4755859375 0.63671875 0.4736328125 0.638671875 0.4677734375
0 0.6640625 0.4169921875 0.671875 0.3994140625 0.671875 0.3876953125 0.6611328125 0.37890625 0.6609648234375001 0.39152850208333334 0.6567290609375 0.39406880625 0.6497400468750001 0.38475434999999997 0.642578125 0.4033203125 0.65234375 0.4189453125 0.65234375 0.4912109375 0.6572265625 0.49609375 0.662109375 0.4951171875 0.666015625 0.4912109375 0.6640625 0.4169921875
15 0.7265625 0.4130859375 0.724609375 0.3916015625 0.7138671875 0.380859375 0.7041015625 0.380859375 0.697265625 0.3896484375 0.69921875 0.4189453125 0.69140625 0.4501953125 0.685546875 0.4638671875 0.685546875 0.4755859375 0.68359375 0.4775390625 0.68359375 0.4833984375 0.693359375 0.4912109375 0.70703125 0.4716796875 0.7265625 0.4130859375
16 0.746542875 0.5317926145833334 0.7520493625 0.5313692208333334 0.7556497546875 0.54216551875 0.76171875 0.5400390625 0.76171875 0.5244140625 0.755859375 0.5185546875 0.755859375 0.4052734375 0.759765625 0.3935546875 0.7578125 0.3876953125 0.7509765625 0.3828125 0.7431640625 0.384765625 0.73828125 0.3916015625 0.744140625 0.4130859375 0.744140625 0.4853515625 0.7421875 0.5185546875 0.736328125 0.5263671875 0.736328125 0.5400390625 0.7412109375 0.544921875 0.74609375 0.5439453125 0.7427306812500001 0.5381433791666667 0.746542875 0.5317926145833334
5 0.810546875 0.4677734375 0.81640625 0.4501953125 0.806640625 0.4384765625 0.8046875 0.4072265625 0.791015625 0.3837890625 0.791015625 0.3759765625 0.798828125 0.3662109375 0.802734375 0.3525390625 0.7880859375 0.349609375 0.7763671875 0.353515625 0.765625 0.3662109375 0.767578125 0.4404296875 0.759765625 0.4521484375 0.765625 0.4658203125 0.771484375 0.5380859375 0.7822265625 0.541015625 0.78125 0.4501953125 0.77734375 0.4423828125 0.77734375 0.4013671875 0.7802734375 0.400390625 0.79296875 0.4208984375 0.798828125 0.4404296875 0.79296875 0.4580078125 0.794921875 0.5029296875 0.791015625 0.5361328125 0.7939453125 0.541015625 0.802734375 0.5400390625 0.806640625 0.5283203125 0.810546875 0.4677734375
13 0.773228971875 0.25032176458333333 0.7734375 0.2236328125 0.77734375 0.2119140625 0.77734375 0.1845703125 0.7724609375 0.177734375 0.7646484375 0.17578125 0.7587890625 0.177734375 0.75390625 0.1845703125 0.75390625 0.2119140625 0.7578125 0.2236328125 0.7578125 0.2529296875 0.76171875 0.2626953125 0.76171875 0.3115234375 0.763671875 0.3212890625 0.767578125 0.3212890625 0.76953125 0.2626953125 0.773228971875 0.25032176458333333
13 0.73046875 0.2392578125 0.73046875 0.2138671875 0.734375 0.2021484375 0.732421875 0.1962890625 0.732421875 0.1884765625 0.734375 0.1865234375 0.7294921875 0.177734375 0.7197265625 0.177734375 0.71484375 0.1826171875 0.71484375 0.1982421875 0.712890625 0.2001953125 0.71484375 0.2021484375 0.716796875 0.2255859375 0.716796875 0.2373046875 0.720703125 0.2431640625 0.720703125 0.2900390625 0.7236768390625 0.29833654374999996 0.7265625 0.2919921875 0.7265625 0.2470703125 0.73046875 0.2392578125
13 0.6875 0.2099609375 0.689453125 0.2080078125 0.689453125 0.1982421875 0.689453125 0.1943359375 0.689453125 0.1806640625 0.6865234375 0.177734375 0.6787109375 0.177734375 0.673828125 0.1845703125 0.673828125 0.2001953125 0.67578125 0.2021484375 0.677734375 0.2333984375 0.6796875 0.2353515625 0.6806854343750001 0.2762578666666667 0.68359375 0.2744140625 0.6843218531249999 0.23575615833333333 0.6875 0.2099609375
16 0.59765625 0.2646484375 0.595703125 0.2626953125 0.595703125 0.2001953125 0.5959842234375 0.19311643958333333 0.59765625 0.1884765625 0.59571760625 0.18218987083333332 0.5927734375 0.181640625 0.587585625 0.18125711666666666 0.5859375 0.1865234375 0.5859375 0.1904296875 0.587890625 0.1923828125 0.587890625 0.2646484375 0.5859375 0.2666015625 0.5859375 0.2744140625 0.5897853171875 0.27695265625 0.5904518734375 0.27015686666666666 0.594051271875 0.2698903645833333 0.5959176296875001 0.2757534125 0.5977839890625 0.2765529104166667 0.59765625 0.2646484375
16 0.5590801437499999 0.27540161041666666 0.5604927625 0.2790099875 0.564453125 0.2783203125 0.564453125 0.2705078125 0.5610386578125001 0.2680770083333333 0.5605677921875001 0.19669375 0.563631909375 0.19036923958333332 0.5625 0.1865234375 0.5595703125 0.18359375 0.552734375 0.1845703125 0.550761409375 0.18911415 0.5542894984375 0.19653686666666664 0.5538186203125 0.26635125416666666 0.548828125 0.2724609375 0.55078125 0.2802734375 0.5548422984375 0.2796375333333333 0.555156209375 0.2752447145833333 0.5590801437499999 0.27540161041666666
16 0.524622859375 0.2804409104166667 0.5272911296875 0.28593192916666665 0.530273321875 0.28655947083333333 0.53125 0.2822265625 0.5265063421875 0.2725965958333333 0.5265458781250001 0.19758990208333332 0.5282724062499999 0.19147133125 0.52734375 0.1865234375 0.5244140625 0.18359375 0.5205078125 0.18359375 0.517285390625 0.18503899375000002 0.515625 0.1904296875 0.518698009375 0.19523660625 0.5185015187500001 0.2727534791666667 0.513671875 0.2783203125 0.513671875 0.2841796875 0.5166015625 0.2890625 0.51953125 0.2880859375 0.52007109375 0.2812253416666667 0.524622859375 0.2804409104166667
16 0.4963659734375 0.28225408958333337 0.4921875 0.2783203125 0.4921875 0.1982421875 0.494140625 0.1962890625 0.494993540625 0.19076655625 0.494140625 0.1865234375 0.49138351562500004 0.18370667291666667 0.4873046875 0.181640625 0.48353564843749997 0.18339290416666668 0.48046875 0.1865234375 0.4796117140625 0.19076655625 0.48046875 0.1962890625 0.482421875 0.1982421875 0.482710675 0.27817504375 0.4765625 0.2880859375 0.47753108906249997 0.29166726041666663 0.4794921875 0.296875 0.4833984375 0.296875 0.4839663390625 0.29119660416666665 0.488047228125 0.28884331041666667 0.4916572515625 0.29135349375 0.4916572515625 0.29668762291666667 0.4947963984375 0.2968445125 0.49609375 0.2939453125 0.49730771406249996 0.28774510416666665 0.4963659734375 0.28225408958333337
16 0.44795869218749995 0.2985460125 0.4501953125 0.3046875 0.45363760624999994 0.30682796458333333 0.455078125 0.3037109375 0.455078125 0.2939453125 0.44910316874999995 0.28645267916666667 0.4488995765625 0.20059023125 0.453150503125 0.19421672291666667 0.453125 0.1865234375 0.4482421875 0.181640625 0.4443359375 0.181640625 0.43892624687500004 0.185065025 0.4375 0.1904296875 0.43794526562499997 0.19552411041666667 0.44121521093749994 0.20075365208333332 0.4414188015625 0.2867795270833333 0.435546875 0.2939453125 0.435546875 0.3037109375 0.4364703953125 0.3065011229166667 0.44088481562500004 0.30764508124999995 0.44190928593749995 0.29903626875 0.44795869218749995 0.2985460125
16 0.4033194390625 0.2983354979166667 0.40678553749999996 0.2994015020833333 0.40878520625 0.3065970604166666 0.4111328125 0.306640625 0.413317778125 0.30606405 0.4140625 0.3017578125 0.4140625 0.2958984375 0.4077197078125 0.28585365 0.40802045937500003 0.2013454 0.4116198671875 0.19668162083333335 0.412109375 0.1904296875 0.4104200640625 0.18348979375000002 0.4052734375 0.181640625 0.3994140625 0.181640625 0.396484375 0.1845703125 0.3952225859375 0.19135158749999998 0.396484375 0.1982421875 0.400421725 0.20081239791666666 0.39985434531249997 0.2865199041666667 0.392578125 0.2958984375 0.392578125 0.3037109375 0.3967871984375 0.3085958208333333 0.400390625 0.3076171875 0.39958673125 0.3006007625 0.4033194390625 0.2983354979166667
16 0.3623555625 0.31622864791666666 0.3670214546875 0.3166284041666667 0.3686211953125 0.31982642083333335 0.3701171875 0.32421875 0.3742202625 0.3248899520833334 0.375 0.3212890625 0.375 0.3115234375 0.369140625 0.3017578125 0.3691521078125 0.20264779791666668 0.37325295468749997 0.19657972499999998 0.373046875 0.1904296875 0.37032010312499997 0.18472040208333332 0.3642578125 0.181640625 0.35792216718750003 0.18432065208333331 0.35485600625 0.18925092916666666 0.35352289375 0.19284869999999998 0.35546875 0.1982421875 0.359888809375 0.20295555 0.3592894125 0.30303681875 0.3515625 0.3134765625 0.3515625 0.3193359375 0.3558233125 0.32848772499999995 0.359375 0.3271484375 0.3590227828125 0.31849391250000003 0.3623555625 0.31622864791666666
16 0.3230571765625 0.33533399999999997 0.33008307812500004 0.33533399999999997 0.3312162890625 0.3448486520833333 0.3349609375 0.345703125 0.337890625 0.3427734375 0.337890625 0.3291015625 0.33203125 0.3193359375 0.33203125 0.2060546875 0.3359375 0.1982421875 0.3359375 0.1884765625 0.3291015625 0.18359375 0.3212890625 0.18359375 0.31640625 0.1904296875 0.3162579125 0.19835897291666665 0.3201108390625 0.20583477291666666 0.31943090625 0.32083547291666664 0.3125 0.3310546875 0.3125 0.3427734375 0.31603127343750004 0.34779367083333335 0.3203125 0.3486328125 0.3201108390625 0.33873209375 0.3230571765625 0.33533399999999997
16 0.28167794687500003 0.35527316666666664 0.2880859375 0.35546875 0.2939453125 0.365234375 0.29928957500000003 0.3646084375 0.30078125 0.3564453125 0.2974216828125 0.34300395624999996 0.2910174484375 0.33900312499999996 0.29168510937500003 0.21128454791666668 0.296755128125 0.201949275 0.296875 0.1923828125 0.2940867 0.18781300416666669 0.2861328125 0.18359375 0.2783203125 0.185546875 0.2734375 0.1923828125 0.2734375 0.2021484375 0.279296875 0.2099609375 0.27820897968749997 0.34060345416666665 0.26953125 0.3505859375 0.26953125 0.3603515625 0.279296875 0.3701171875 0.279296875 0.3603515625 0.28167794687500003 0.35527316666666664
13 0.333984375 0.4501953125 0.33203125 0.4267578125 0.337890625 0.4111328125 0.337890625 0.3916015625 0.33203125 0.3740234375 0.3193359375 0.373046875 0.3125 0.3896484375 0.3125 0.4130859375 0.318359375 0.4287109375 0.318359375 0.4404296875 0.314453125 0.4501953125 0.322265625 0.4541015625 0.322265625 0.5224609375 0.326171875 0.5244140625 0.328125 0.4541015625 0.333984375 0.4501953125
13 0.29296875 0.4423828125 0.291015625 0.4189453125 0.294921875 0.4111328125 0.294921875 0.3876953125 0.2880859375 0.375 0.2802734375 0.375 0.2734375 0.3876953125 0.2734375 0.4091796875 0.27734375 0.4189453125 0.275390625 0.4404296875 0.28125 0.4443359375 0.28125 0.4990234375 0.287109375 0.4990234375 0.287109375 0.4443359375 0.29296875 0.4423828125