10 0.93359375 0.5645032812499999 0.970703125 0.49411997291666665 0.97265625 0.4823894208333333 0.9560546875 0.4721251895833333 0.9013671875 0.5659696000000001 0.8681640625 0.5982286166666667 0.8828125 0.5557053666666667 0.9375 0.46772623125 0.9375 0.4471977666666667 0.923828125 0.44426512916666666 0.8671875 0.5293116270833333 0.8408203125 0.5923633395833333 0.8203125 0.5967622979166667 0.833984375 0.6290213125 0.80859375 0.67007824375 0.7841796875 0.7448605083333334 0.8310546875 0.6950056645833332 0.8583984375 0.6451508208333333 0.8837890625 0.6598140104166668 0.888671875 0.6524824166666666 0.8828125 0.6290213125 0.93359375 0.5645032812499999
5 0.73046875 0.5791664708333334 0.7451171875 0.6070265291666667 0.7587890625 0.6070265291666667 0.7919921875 0.5425084979166667 0.8291015625 0.5307779458333334 0.8671875 0.47359150833333336 0.96484375 0.27710477291666663 0.96484375 0.26537422083333334 0.955078125 0.26244158333333334 0.833984375 0.49411997291666665 0.7939453125 0.5073168437500001 0.794921875 0.48532205833333336 0.87109375 0.34748808124999997 0.9248695890624999 0.265984 0.922293425 0.24729664375 0.90941273125 0.25502931875 0.8896484375 0.29323428125 0.83984375 0.3621512708333333 0.775390625 0.48532205833333336 0.734375 0.5439748166666667 0.73046875 0.5791664708333334
13 0.6337890625 0.41347243125 0.6484375 0.40614083749999996 0.728515625 0.25071103125 0.728515625 0.23018256666666667 0.7177734375 0.21405305833333335 0.701171875 0.20672146458333335 0.69140625 0.21551937708333335 0.642578125 0.31816170208333333 0.634765625 0.35335335625000003 0.6171875 0.38561237291666667 0.62109375 0.4032082 0.576171875 0.48532205833333336 0.556640625 0.5322442645833333 0.5537109375 0.560104325 0.58203125 0.5087831625 0.591796875 0.47359150833333336 0.6025390625 0.4721251895833333 0.6337890625 0.41347243125
13 0.8051168171875001 0.11874232916666667 0.7445699421875001 0.23311520416666667 0.7406636921875001 0.25950894583333334 0.7152730671875001 0.30643115 0.7094136921875001 0.3416228041666667 0.61659161875 0.52384360625 0.6234613484375 0.52899873125 0.7074605671875001 0.3650839083333333 0.7816793171875001 0.26244158333333334 0.8363668171875001 0.15979925833333333 0.8363668171875001 0.13340551875 0.8295308796875001 0.12314128541666666 0.8051168171875001 0.11874232916666667
11 0.8447265625 0.27857109166666666 0.783203125 0.39147764791666667 0.7216796875 0.4662599125 0.751953125 0.3680165458333333 0.81640625 0.25657630833333334 0.818359375 0.23898048125000002 0.80859375 0.23604784375 0.744140625 0.3416228041666667 0.705078125 0.45306304375 0.66015625 0.5293116270833333 0.65234375 0.5645032812499999 0.6591796875 0.5894307020833334 0.6904296875 0.5630369625 0.716796875 0.5205137125 0.72265625 0.49705261041666665 0.7822265625 0.42520298333333334 0.857421875 0.2947006 0.8583984375 0.27563845416666666 0.8447265625 0.27857109166666666
13 0.4296875 0.3416228041666667 0.4453125 0.32402697708333333 0.484375 0.22138465416666667 0.486328125 0.20378882708333332 0.4794921875 0.19059195625 0.4697265625 0.18179404166666666 0.45703125 0.1832603625 0.443359375 0.20378882708333332 0.408203125 0.29763323750000004 0.404296875 0.3328248916666666 0.388671875 0.3650839083333333 0.392578125 0.38854501041666667 0.349609375 0.49705261041666665 0.34375 0.5146484375 0.3466796875 0.5219800312499999 0.353515625 0.5175810750000001 0.3984375 0.3944102854166667 0.4091796875 0.39294396666666664 0.4296875 0.3416228041666667
13 0.365234375 0.35335335625000003 0.361328125 0.3298922541666667 0.4140625 0.186193 0.416015625 0.17152981041666668 0.41015625 0.17152981041666668 0.357421875 0.31816170208333333 0.33984375 0.3357575291666667 0.33203125 0.3680165458333333 0.318359375 0.3797470958333333 0.291015625 0.46186095625 0.2958984375 0.4926536541666667 0.3037109375 0.4985189291666667 0.3193359375 0.4955862916666666 0.333984375 0.46186095625 0.353515625 0.40614083749999996 0.353515625 0.3768144583333333 0.365234375 0.35335335625000003
7 0.4052734375 0.6070265291666667 0.404296875 0.5908970208333333 0.45703125 0.45306304375 0.625 0.08648331249999999 0.6103515625 0.058623254166666666 0.580078125 0.03956110833333334 0.376953125 0.56157064375 0.3681640625 0.5689022375 0.3525390625 0.560104325 0.3115234375 0.51024948125 0.302734375 0.5293116270833333 0.3505859375 0.6070265291666667 0.3837890625 0.6363529083333332 0.4111328125 0.6422181833333334 0.4482421875 0.6774098375000001 0.4609375 0.6671456041666667 0.46484375 0.6436845020833334 0.4052734375 0.6070265291666667
14 0.2470703125 0.9178861395833333 0.2919921875 0.9266840541666667 0.31640625 0.8167101354166667 0.23828125 0.78151848125 0.216796875 0.8753628916666667 0.2470703125 0.9178861395833333
3 0.2275390625 0.7067362166666666 0.111328125 0.6730108812500001 0.1123046875 0.6950056645833332 0.212890625 0.7375289125 0.1103515625 0.7184667666666668 0.10546875 0.734596275 0.1142578125 0.7419278708333333 0.2216796875 0.7741868854166667 0.2490234375 0.7683216104166667 0.2978515625 0.7800521625 0.310546875 0.7697879291666666 0.2998046875 0.7448605083333334 0.2353515625 0.72139940625 0.2275390625 0.7067362166666666
5 0.1611328125 0.62755499375 0.1591796875 0.6363529083333332 0.1357421875 0.6334202708333333 0.1396484375 0.6422181833333334 0.3603515625 0.72726468125 0.3798828125 0.72139940625 0.390625 0.6964719833333334 0.3857421875 0.680342475 0.3525390625 0.6774098375000001 0.3115234375 0.61875708125 0.2021484375 0.5835654270833334 0.123046875 0.57623383125 0.119140625 0.5938296583333333 0.1279296875 0.6011612541666668 0.2861328125 0.6363529083333332 0.314453125 0.67887615625 0.2529296875 0.6774098375000001 0.27734375 0.67007824375 0.2529296875 0.6598140104166668 0.2275390625 0.6656792854166667 0.2236328125 0.6510160979166667 0.1787109375 0.6304876312500001 0.1689453125 0.6422181833333334 0.1611328125 0.62755499375