0 0.6552734375 0.06918278958333332 0.6884765625 0.059238162500000004 0.9580078125 0.059238162500000004 0.9755859375 0.053271385416666664 0.984375 0.04034336875 0.98046875 0.018465185416666665 0.9658203125 0.009515020833333334 0.6728515625 0.025426425 0.6083984375 0.0015593187500000001 0.54296875 0.0005648541666666666 0.5234375 0.012498408333333332 0.513671875 0.034376591666666664 0.5185546875 0.039348906249999996 0.5595703125 0.029404277083333333 0.5625 0.03835444166666667 0.560546875 0.04829907083333333 0.5322265625 0.061227087500000006 0.53125 0.07017725208333332 0.5576171875 0.08111634375 0.5908203125 0.07912741875 0.6044921875 0.1010056 0.6552734375 0.06918278958333332
16 0.8525390625 0.16664014791666668 0.8837890625 0.19249618125 0.9189453125 0.19647403333333333 0.943359375 0.18354601666666664 0.908203125 0.16763461041666666 0.908203125 0.14376750208333336 0.9228515625 0.13083948541666668 0.95703125 0.13581179999999998 0.9521484375 0.12487270833333333 0.9169921875 0.10299452708333333 0.8935546875 0.10498345208333333 0.8486328125 0.12885056041666668 0.5888671875 0.12885056041666668 0.5654296875 0.12288378333333334 0.5361328125 0.09702775000000001 0.4921875 0.09603328750000001 0.470703125 0.10597791458333333 0.509765625 0.12387824583333333 0.505859375 0.15967890833333334 0.4892578125 0.16664014791666668 0.4541015625 0.15868444583333333 0.453125 0.16763461041666666 0.4716796875 0.18851832916666666 0.4990234375 0.20244081041666667 0.5283203125 0.19846295833333333 0.5576171875 0.17459585000000002 0.5908203125 0.16664014791666668 0.8525390625 0.16664014791666668
16 0.4423828125 0.2084075875 0.365234375 0.19547956875 0.353515625 0.2034352729166667 0.3515625 0.22332452916666667 0.3681640625 0.23824147083333333 0.4521484375 0.23227469375 0.7373046875 0.24023039791666667 0.8212890625 0.2561418020833333 0.8349609375 0.250175025 0.84375 0.23326915833333334 0.83984375 0.21735775208333333 0.8271484375 0.20641866041666665 0.7294921875 0.21835221458333332 0.4423828125 0.2084075875
7 0.423828125 0.3267486625 0.4091796875 0.30188709166666666 0.375 0.28299229791666664 0.396484375 0.31481511041666665 0.3916015625 0.3317209770833333 0.1064453125 0.3118317208333333 0.1015625 0.34266006875 0.1142578125 0.3496213083333333 0.3701171875 0.3615548625 0.388671875 0.3764718041666667 0.380859375 0.4082946145833333 0.4091796875 0.41525585625 0.412109375 0.38044965625 0.42578125 0.36453825 0.423828125 0.3267486625
7 0.365234375 0.49182949375 0.37109375 0.45602883125000004 0.341796875 0.45403990625 0.341796875 0.48785164166666667 0.3232421875 0.5027685854166667 0.0517578125 0.4868571791666667 0.044921875 0.5137076749999999 0.0517578125 0.5226578416666666 0.3251953125 0.53260246875 0.337890625 0.5435415604166667 0.302734375 0.5833200729166667 0.3134765625 0.5922702395833334 0.359375 0.5574640395833333 0.37109375 0.52763015625 0.365234375 0.49182949375
0 0.3115234375 0.64597123125 0.298828125 0.6469656958333334 0.2890625 0.6588992499999999 0.283203125 0.8577918145833333 0.255859375 0.9075149562499999 0.2578125 0.9274042125 0.2841796875 0.9502768583333334 0.283203125 0.9254152875 0.2998046875 0.94431008125 0.30859375 0.9114928083333333 0.330078125 0.8995592541666666 0.310546875 0.8538139645833334 0.3203125 0.6569103229166667 0.3115234375 0.64597123125
10 0.474609375 0.75635660625 0.4765625 0.7066334645833333 0.470703125 0.6529324729166667 0.4638671875 0.6439823062500001 0.4501953125 0.6439823062500001 0.453125 0.7503898291666666 0.4306640625 0.8030963604166667 0.4140625 0.7484009041666667 0.419921875 0.6469656958333334 0.40625 0.64298784375 0.388671875 0.73646735 0.3984375 0.7722680125 0.39453125 0.7981240458333333 0.416015625 0.812046525 0.416015625 0.8916035520833333 0.42578125 0.9472934708333334 0.4326171875 0.9522657833333333 0.447265625 0.8796699979166667 0.447265625 0.8160243770833334 0.470703125 0.8001129708333334 0.46484375 0.7782347895833334 0.474609375 0.75635660625
3 0.60546875 0.6748106541666666 0.5927734375 0.6678494145833334 0.59375 0.7623233833333334 0.5771484375 0.8070742104166667 0.564453125 0.7603344583333332 0.57421875 0.6708328020833334 0.564453125 0.6668549520833333 0.546875 0.7245337958333333 0.55078125 0.7881794166666667 0.544921875 0.8021018958333334 0.5625 0.8160243770833334 0.560546875 0.8677364437499999 0.568359375 0.889614625 0.5771484375 0.8925980145833333 0.58984375 0.8617696666666668 0.58984375 0.8180133020833333 0.607421875 0.8060797479166666 0.611328125 0.71657809375 0.60546875 0.6748106541666666
11 0.783203125 0.7145891666666666 0.78125 0.79613511875 0.7626953125 0.846852725 0.751953125 0.8021018958333334 0.755859375 0.71657809375 0.75390625 0.7066334645833333 0.7421875 0.7026556145833334 0.732421875 0.7623233833333334 0.734375 0.82994685625 0.74609375 0.8458582604166666 0.74609375 0.8955814020833334 0.75390625 0.9194485104166666 0.7626953125 0.9224319 0.77734375 0.8876257 0.77734375 0.8498361125 0.794921875 0.83392470625 0.798828125 0.7066334645833333 0.7900390625 0.7036500770833333 0.783203125 0.7145891666666666
11 0.9873046875 0.68376081875 0.9765625 0.7006666875 0.9609375 0.7921572687499999 0.9140625 0.889614625 0.9072265625 0.8906090895833334 0.8671875 0.7881794166666667 0.86328125 0.7046445395833333 0.85546875 0.68077743125 0.845703125 0.67878850625 0.845703125 0.7802237145833334 0.884765625 0.8816589229166667 0.884765625 0.9711605770833334 0.8916015625 0.98209966875 0.9091796875 0.9363543791666668 0.9228515625 0.98408859375 0.935546875 0.94530454375 0.9296875 0.9174595854166667 0.935546875 0.8836478479166666 0.9765625 0.8080686729166667 0.998046875 0.6927109854166668 0.9873046875 0.68376081875
16 0.486328125 0.31282618333333334 0.48828125 0.53160800625 0.4765625 0.5793422229166667 0.4765625 0.5952536270833334 0.4853515625 0.6042037937500001 0.5009765625 0.6042037937500001 0.51171875 0.5932647020833334 0.505859375 0.4440952770833333 0.51953125 0.31282618333333334 0.5126953125 0.30387601875 0.498046875 0.30288155625 0.486328125 0.31282618333333334
13 0.822265625 0.4619956083333333 0.806640625 0.45006205416666667 0.806640625 0.284981225 0.802734375 0.26509196875 0.79296875 0.2631030416666667 0.787109375 0.28697015000000003 0.794921875 0.45403990625 0.779296875 0.46597346041666665 0.78515625 0.47591808750000003 0.783203125 0.60519825625 0.7900390625 0.6280709020833334 0.8115234375 0.6300598270833333 0.8212890625 0.6280709020833334 0.828125 0.6131539583333333 0.826171875 0.5355858583333333 0.818359375 0.48586271666666664 0.822265625 0.4619956083333333
13 0.888671875 0.23525808333333334 0.8828125 0.2531584145833333 0.880859375 0.42619494583333334 0.8671875 0.43415065 0.861328125 0.5335969312500001 0.861328125 0.58928685 0.8740234375 0.6161373479166666 0.90625 0.6091761083333334 0.912109375 0.5753643708333332 0.908203125 0.43415065 0.89453125 0.42818387291666665 0.896484375 0.24122486041666666 0.888671875 0.23525808333333334
13 0.943359375 0.4301727979166667 0.939453125 0.5753643708333332 0.9462890625 0.5843145375 0.9658203125 0.5843145375 0.97265625 0.56740866875 0.9765625 0.4301727979166667 0.966796875 0.4242060208333333 0.96875 0.30884833333333334 0.95703125 0.30685940625 0.955078125 0.42221709583333333 0.943359375 0.4301727979166667