11 0.2705078125 0.34821428541666666 0.3095703125 0.38357979999999997 0.3876953125 0.38902064791666663 0.396484375 0.37405831458333333 0.3896484375 0.36453683124999997 0.34375 0.341413225 0.3974609375 0.34821428541666666 0.40625 0.3278111041666667 0.2841796875 0.28020368333333334 0.2744140625 0.22035435208333334 0.2392578125 0.24211774583333331 0.1142578125 0.16866629375 0.0419921875 0.14418247708333334 0.009765625 0.15370396249999999 0.0244140625 0.20131138333333334 0.1416015625 0.23939732083333334 0.216796875 0.3006068645833333 0.1337890625 0.32101004375000003 0.0009765625 0.3046875 0.0009765625 0.36725725416666666 0.0908203125 0.380859375 0.2080078125 0.37541852708333334 0.236328125 0.41214425208333333 0.2490234375 0.35093471041666663 0.2705078125 0.34821428541666666
14 0.0810546875 0.837890625 0.4306640625 0.62841796875 0.4609375 0.5971330916666666 0.4443359375 0.5604073666666667 0.4306640625 0.5631277895833333 0.0712890625 0.7862025666666667 0.0537109375 0.7209123875 0.0009765625 0.6991489958333333 0 0.9045410166666666 0.0078125 0.9045410166666666 0.0595703125 0.8814174104166667 0.0810546875 0.837890625
3 0.8505859375 0.5032784604166667 0.919921875 0.42574637291666667 0.8486328125 0.44614955416666663 0.736328125 0.44478934166666667 0.8076171875 0.39446149583333334 0.8955078125 0.36997767916666663 0.91015625 0.3196498333333333 0.8037109375 0.33733258958333334 0.7060546875 0.40534319166666666 0.6650390625 0.38630022291666666 0.65625 0.39854213125 0.6572265625 0.43798828125 0.6064453125 0.45703125 0.5859375 0.48559570416666664 0.5927734375 0.5087193083333333 0.6103515625 0.51688058125 0.6767578125 0.49783761249999997 0.6796875 0.5209612166666667 0.701171875 0.5400041854166666 0.7216796875 0.5032784604166667 0.8505859375 0.5032784604166667
7 0.5146484375 0.42710658541666663 0.556640625 0.3577357708333333 0.560546875 0.24891880624999999 0.5361328125 0.155064175 0.533203125 0.24891880624999999 0.5185546875 0.27748325833333337 0.5068359375 0.27748325833333337 0.3896484375 0.19859096041666666 0.1787109375 0.002720425 0.06640625 0.0013602125 0.2099609375 0.13874162916666669 0.2705078125 0.17138671875 0.2822265625 0.19859096041666666 0.4091796875 0.32101004375000003 0.4501953125 0.3427734375 0.453125 0.38766043541666667 0.392578125 0.44750976666666664 0.408203125 0.493756975 0.4375 0.5100795208333333 0.4755859375 0.43526785625000003 0.5146484375 0.42710658541666663
0 0.5322265625 0.14690290208333331 0.5498046875 0.17410714375 0.6083984375 0.17954799166666666 0.8193359375 0.17138671875 0.8974609375 0.14146205416666666 0.90625 0.10473632916666667 0.8916015625 0.08161272291666667 0.8505859375 0.07345145 0.5869140625 0.1115373875 0.5205078125 0.10609653958333333 0.4638671875 0.076171875 0.3857421875 0.10337611666666667 0.3857421875 0.12513950833333334 0.43359375 0.14826311458333336 0.4169921875 0.16594587083333331 0.3681640625 0.15778459791666669 0.365234375 0.16730608333333336 0.4013671875 0.20675223125 0.458984375 0.22443498958333336 0.5224609375 0.18226841458333334 0.5322265625 0.14690290208333331
10 0.8837890625 0 0.681640625 0.05848911875 0.6884765625 0.08161272291666667 0.8505859375 0.07073102708333333 0.91796875 0.09113420833333333 0.9287109375 0.0788923 0.9990234375 0.08433314791666667 1 0.042166572916666666 0.9296875 0.025844029166666668 0.9580078125 0 0.8837890625 0
16 0.9087996796875 0.30740792499999997 0.9175887421875 0.2706821979166667 0.8931746796875 0.2557198666666667 0.8502059296875 0.28836495624999997 0.6841903046875 0.34821428541666666 0.6275496796875 0.36725725416666666 0.6126501796875 0.35293637083333335 0.5923934296875 0.35909598125000003 0.586429196875 0.3677502270833333 0.5796981171875 0.39038085833333336 0.6080184296875 0.38630022291666666 0.6129012421875 0.39854213125 0.5992293671875 0.420305525 0.6129012421875 0.42574637291666667 0.6646590546875 0.38357979999999997 0.9087996796875 0.30740792499999997
16 0.8447265625 0.28020368333333334 0.8916015625 0.2557198666666667 0.9658203125 0.25027901874999997 0.98046875 0.23803710833333333 0.982421875 0.20811244375000001 0.9599609375 0.1904296875 0.9208984375 0.22307477708333331 0.7802734375 0.26388113750000003 0.6962890625 0.28564453125 0.6746878734374999 0.2872044666666667 0.6376953125 0.27748325833333337 0.6275661125 0.28561727291666666 0.62109375 0.3060477125 0.6469468578125 0.30519270833333334 0.6575872359375 0.32265191249999997 0.638586528125 0.33376224374999997 0.640625 0.3468540729166667 0.658203125 0.34957449791666667 0.6982421875 0.31828962083333334 0.8447265625 0.28020368333333334
16 0.9345703125 0.19859096041666666 0.947265625 0.18634905208333336 0.94921875 0.16186523333333333 0.9384765625 0.14146205416666666 0.9189453125 0.13874162916666669 0.8837890625 0.17138671875 0.6376953125 0.228515625 0.6237659703125 0.22847818125 0.6009651218750001 0.21578059791666665 0.5810546875 0.22307477708333331 0.571324034375 0.23376883958333333 0.568359375 0.25435965416666667 0.6005859375 0.25027901874999997 0.603515625 0.26252092708333336 0.5859375 0.27612304583333336 0.5859375 0.2897251666666667 0.611328125 0.29244559166666667 0.6572265625 0.2584402895833333 0.9345703125 0.19859096041666666
16 0.5869962265625001 0.8247319770833333 0.599609375 0.81748744375 0.5968765890625 0.7924589979166666 0.59079636875 0.7892845708333333 0.5869962265625001 0.8025112125 0.57635581875 0.8014530770833334 0.57521579375 0.78981366875 0.5693359375 0.7889229916666667 0.5687555359375 0.7892845708333333 0.564453125 0.8038853229166667 0.56640625 0.8310895645833334 0.544921875 0.9154227125 0.5458984375 0.9276646208333333 0.5625 0.9263044083333334 0.58203125 0.8446916854166666 0.5869962265625001 0.8247319770833333
16 0.6268977140625 0.8808129333333333 0.626953125 0.8610142291666667 0.6181640625 0.8487723208333333 0.6147372437499999 0.8681153479166667 0.60219679375 0.8670572333333334 0.5927734375 0.85421316875 0.587890625 0.87461635 0.594596509375 0.8913942479166667 0.59915666875 0.9003883479166667 0.6015625 0.9263044083333334 0.619140625 0.9263044083333334 0.618917421875 0.8950976916666666 0.6268977140625 0.8808129333333333
16 0.666015625 0.8229282916666667 0.6474609375 0.8025251125 0.650174290625 0.82579664375 0.6364937859375 0.8263257020833333 0.6259765625 0.8134068083333333 0.623046875 0.8338099895833333 0.638671875 0.8664550791666666 0.646484375 0.9235839833333334 0.666015625 0.9263044083333334 0.660054653125 0.8570115291666667 0.666015625 0.8229282916666667