0 0.68359375 0.4245431083333333 0.6787109375 0.3735979354166667 0.6669921875 0.40756138333333336 0.65625 0.39435337708333335 0.6572265625 0.36227678541666664 0.634765625 0.39812709166666665 0.634765625 0.44341169166666666 0.60546875 0.5188860208333334 0.615234375 0.5453020375000001 0.6513671875 0.4566196979166667 0.68359375 0.4245431083333333
5 0.8623046875 0.34718191875 0.859375 0.405674525 0.853515625 0.405674525 0.8486328125 0.36605050208333334 0.837890625 0.40944824166666666 0.798828125 0.4962437229166667 0.810546875 0.5490757541666667 0.876953125 0.4019008083333333 0.8623046875 0.34718191875
4 0.5390625 0.4962437229166667 0.52734375 0.44341169166666666 0.505859375 0.39812709166666665 0.4912109375 0.3245396208333334 0.501953125 0.39812709166666665 0.498410796875 0.44403498750000003 0.5036824265625001 0.49259008958333333 0.501953125 0.5377546041666666 0.45623785312500004 0.6249418124999999 0.4752967953125 0.66096656875 0.49800529375 0.637472175 0.5243633796875 0.5756035895833332 0.5302734375 0.5962472104166667 0.5390625 0.5943603520833334 0.546875 0.5566231854166667 0.5390625 0.4962437229166667
7 0.48046875 0.49247000625 0.470703125 0.44718540833333337 0.47265625 0.4207693916666667 0.4482421875 0.35850306875 0.43359375 0.3717110770833333 0.4453125 0.416995675 0.35546875 0.5415283208333334 0.365234375 0.5717180520833334 0.4541015625 0.4415248333333333 0.48046875 0.49247000625
11 0.923828125 0.5490757541666667 0.9306640625 0.5358677458333333 0.94140625 0.5339808875000001 0.939453125 0.5302071708333334 0.939453125 0.5151123041666666 0.94140625 0.5075648708333333 0.9443359375 0.5019042958333333 0.9501953125 0.49813058125 0.9609375 0.47737513958333333 0.970703125 0.44718540833333337 0.9697265625 0.4415248333333333 0.9619140625 0.4415248333333333 0.9560546875 0.44907226666666666 0.9521484375 0.44907226666666666 0.9404296875 0.4603934145833334 0.9375 0.46982770625000003 0.9287109375 0.48303571458333333 0.9169921875 0.4792619979166667 0.9140625 0.4962437229166667 0.8546924015625 0.5722115750000001 0.8575309531249999 0.5941397291666667 0.894432296875 0.5346205479166667 0.930117040625 0.5032946895833333 0.916015625 0.5377546041666666 0.9037589546874999 0.5659464083333333 0.870507228125 0.6192003625000001 0.8761843921875 0.6348632916666667 0.8948377687500001 0.6176341229166666 0.923828125 0.5490757541666667
13 0.734375 0.48114885625 0.7802734375 0.39246651875 0.78515625 0.38680594375 0.7841796875 0.37737165208333334 0.7802734375 0.38114536875000005 0.7333984375 0.47171456458333333 0.7294921875 0.47548828125 0.7216796875 0.47548828125 0.71484375 0.48869628958333333 0.6967366921875 0.5410845437499999 0.6934926078125 0.5543980104166667 0.6679455578125 0.57867556875 0.6687565640625001 0.59825423125 0.68416591875 0.599037425 0.694709146875 0.5818081374999999 0.702008321875 0.5637958333333334 0.7089019624999999 0.5410845437499999 0.7265625 0.5151123041666666 0.734375 0.5000174395833333 0.734375 0.48114885625
8 0.3330078125 0.5207728791666667 0.296875 0.59813406875 0.2998046875 0.6302106583333333 0.322265625 0.6358712333333333 0.30859375 0.6585135333333334 0.318359375 0.69247698125 0.318359375 0.7604038791666666 0.306640625 0.9226736895833334 0.365234375 0.9264474041666666 0.365234375 0.5792654854166667 0.3330078125 0.5207728791666667
8 0.23828125 0.5868129187500001 0.228515625 0.5415283208333334 0.2080078125 0.5019042958333333 0.1796875 0.5453020375000001 0.173828125 0.5717180520833334 0.19140625 0.6887032645833333 0.181640625 0.91512625625 0.1865234375 0.9283342625 0.240234375 0.9264474041666666 0.234375 0.7754987437499999 0.23828125 0.5868129187500001
8 0.111328125 0.5415283208333334 0.0888671875 0.5094517291666667 0.05767441250000001 0.5695051770833334 0.058201245312500004 0.5822231041666667 0.069527903125 0.5847666875 0.0908203125 0.5358677458333333 0.091796875 0.5566231854166667 0.10546875 0.5792654854166667 0.09765625 0.6283238 0.072265625 0.6434186666666667 0.0859375 0.69247698125 0.076171875 0.9188999729166666 0.134765625 0.9264474041666666 0.126953125 0.59813406875 0.111328125 0.5415283208333334
8 0.5234375 0.7679513104166666 0.5234375 0.6660609645833334 0.529296875 0.6019077854166667 0.521484375 0.5717180520833334 0.501953125 0.5415283208333334 0.501953125 0.5302071708333334 0.4912109375 0.5245465958333333 0.478515625 0.5490757541666667 0.478515625 0.5603969020833334 0.458984375 0.5905866354166667 0.4619140625 0.6075683583333333 0.4794921875 0.5962472104166667 0.4970703125 0.5471888958333333 0.498046875 0.5679443354166666 0.509765625 0.5943603520833334 0.509765625 0.6094552166666667 0.4912109375 0.6490792416666668 0.466796875 0.6585135333333334 0.4765625 0.69247698125 0.48046875 0.7302141458333333 0.4765625 0.9226736895833334 0.4794921875 0.9283342625 0.533203125 0.9264474041666666 0.53515625 0.9113525395833334 0.5234375 0.7679513104166666
8 0.625 0.8358782083333334 0.6171875 0.6887032645833333 0.619140625 0.6056815020833334 0.607421875 0.5302071708333334 0.5947265625 0.5132254458333334 0.583984375 0.5264334541666666 0.5830078125 0.5396414625 0.5703125 0.5490757541666667 0.55859375 0.5943603520833334 0.560546875 0.6320975166666667 0.5654296875 0.6415318083333333 0.58203125 0.6358712333333333 0.56640625 0.6622872479166666 0.576171875 0.7000244145833334 0.57421875 0.9226736895833334 0.630859375 0.9264474041666666 0.634765625 0.9113525395833334 0.625 0.8358782083333334
8 0.728515625 0.5453020375000001 0.71875 0.5037911541666666 0.6982421875 0.4792619979166667 0.6884765625 0.5019042958333333 0.6689453125 0.5207728791666667 0.662109375 0.5490757541666667 0.666015625 0.6094552166666667 0.67578125 0.6358712333333333 0.6796875 0.6773821145833333 0.673828125 0.9226736895833334 0.736328125 0.9264474041666666 0.72265625 0.6736083979166666 0.728515625 0.5453020375000001
8 0.81640625 0.5603969020833334 0.806640625 0.5490757541666667 0.798828125 0.5000174395833333 0.7900390625 0.48303571458333333 0.75390625 0.5792654854166667 0.7646484375 0.622663225 0.7666015625 0.60379464375 0.779296875 0.6019077854166667 0.779296875 0.6132289333333334 0.763671875 0.6434186666666667 0.76953125 0.6773821145833333 0.76953125 0.7490827291666666 0.76171875 0.9226736895833334 0.8203125 0.9264474041666666 0.8125 0.7075718479166666 0.81640625 0.5603969020833334
8 0.92578125 0.9000313895833333 0.919921875 0.6773821145833333 0.927734375 0.57549176875 0.904296875 0.5075648708333333 0.8932384078125001 0.4898843333333333 0.8582526484375 0.5493431416666666 0.859418840625 0.5664600708333333 0.8916015625 0.5207728791666667 0.904296875 0.5566231854166667 0.904296875 0.5792654854166667 0.8896484375 0.622663225 0.873046875 0.6358712333333333 0.87890625 0.7226667125 0.865234375 0.9226736895833334 0.921875 0.9264474041666666 0.92578125 0.9226736895833334 0.92578125 0.9000313895833333