10 0.1591796875 0.40763666041666663 0.1796875 0.40323770208333337 0.166015625 0.3709786875 0.19140625 0.32992175625000003 0.2158203125 0.25513949166666666 0.1689453125 0.30499433541666665 0.1416015625 0.3548491791666667 0.1162109375 0.34018598958333335 0.111328125 0.3475175833333333 0.1171875 0.3709786875 0.06640625 0.43549671874999996 0.029296875 0.5058800270833334 0.02734375 0.5176105791666666 0.0439453125 0.5278748104166666 0.0986328125 0.4340304 0.1318359375 0.40177138333333334 0.1171875 0.44429463333333336 0.0625 0.53227376875 0.0625 0.5528022333333333 0.076171875 0.5557348708333334 0.1328125 0.47068837291666665 0.1591796875 0.40763666041666663
5 0.2060546875 0.49268315625 0.205078125 0.5146779416666667 0.12890625 0.6525119187499999 0.0751304109375 0.734016 0.077706575 0.7527033562500001 0.09058726875 0.7449706812500001 0.1103515625 0.70676571875 0.16015625 0.6378487291666667 0.224609375 0.5146779416666667 0.265625 0.45602518333333336 0.26953125 0.42083352916666666 0.2548828125 0.39297347083333334 0.2412109375 0.39297347083333334 0.2080078125 0.45749150208333333 0.1708984375 0.4692220541666667 0.1328125 0.5264084916666667 0.03515625 0.7228952270833333 0.03515625 0.7346257791666667 0.044921875 0.7375584166666667 0.166015625 0.5058800270833334 0.2060546875 0.49268315625
13 0.357421875 0.6818382979166666 0.365234375 0.64664664375 0.3828125 0.6143876270833334 0.37890625 0.5967918 0.423828125 0.5146779416666667 0.443359375 0.46775573541666665 0.4462890625 0.439895675 0.41796875 0.4912168375 0.408203125 0.5264084916666667 0.3974609375 0.5278748104166666 0.3662109375 0.58652756875 0.3515625 0.5938591624999999 0.271484375 0.74928896875 0.271484375 0.7698174333333333 0.2822265625 0.7859469416666667 0.298828125 0.7932785354166667 0.30859375 0.7844806229166666 0.357421875 0.6818382979166666
13 0.2593363078125 0.7404910541666666 0.2847269328125 0.69356885 0.2905863078125 0.6583771958333333 0.38340838125 0.47615639375 0.3765386515625 0.47100126875000004 0.2925394328125 0.6349160916666666 0.2183206828125 0.7375584166666667 0.1636331828125 0.8402007416666667 0.1636331828125 0.86659448125 0.1704691203125 0.8768587145833333 0.1948831828125 0.8812576708333334 0.2554300578125 0.7668847958333332 0.2593363078125 0.7404910541666666
11 0.294921875 0.54693695625 0.33984375 0.47068837291666665 0.34765625 0.43549671874999996 0.3408203125 0.4105692979166667 0.3095703125 0.4369630375 0.283203125 0.4794862875 0.27734375 0.5029473895833333 0.2177734375 0.5747970166666666 0.142578125 0.7052994 0.1416015625 0.7243615458333333 0.1552734375 0.7214289083333333 0.216796875 0.6085223520833334 0.2783203125 0.5337400875 0.248046875 0.6319834541666667 0.18359375 0.7434236916666667 0.181640625 0.7610195187500001 0.19140625 0.76395215625 0.255859375 0.6583771958333333 0.294921875 0.54693695625
13 0.591796875 0.7023667625000001 0.595703125 0.6671751083333334 0.611328125 0.6349160916666666 0.607421875 0.6114549895833333 0.650390625 0.5029473895833333 0.65625 0.4853515625 0.6533203125 0.47801996875 0.646484375 0.482418925 0.6015625 0.6055897145833333 0.5908203125 0.6070560333333332 0.5703125 0.6583771958333333 0.5546875 0.6759730229166667 0.515625 0.7786153458333334 0.513671875 0.7962111729166667 0.5205078125 0.80940804375 0.5302734375 0.8182059583333333 0.54296875 0.8167396375 0.556640625 0.7962111729166667 0.591796875 0.7023667625000001
13 0.66015625 0.6642424708333333 0.66796875 0.6319834541666667 0.681640625 0.6202529041666666 0.708984375 0.53813904375 0.7041015625 0.5073463458333333 0.6962890625 0.5014810708333334 0.6806640625 0.5044137083333333 0.666015625 0.53813904375 0.646484375 0.5938591624999999 0.646484375 0.6231855416666666 0.634765625 0.64664664375 0.638671875 0.6701077458333333 0.5859375 0.8138070000000001 0.583984375 0.8284701895833333 0.58984375 0.8284701895833333 0.642578125 0.6818382979166666 0.66015625 0.6642424708333333
7 0.6318359375 0.43109776250000004 0.6474609375 0.439895675 0.6884765625 0.48975051875000003 0.697265625 0.47068837291666665 0.6494140625 0.39297347083333334 0.6162109375 0.36364709166666664 0.5888671875 0.3577818166666667 0.5517578125 0.3225901625 0.5390625 0.3328543958333333 0.53515625 0.35631549791666667 0.5947265625 0.39297347083333334 0.595703125 0.40910297916666666 0.54296875 0.54693695625 0.375 0.9135166874999999 0.3896484375 0.9413767458333333 0.419921875 0.9604388916666667 0.623046875 0.43842935625 0.6318359375 0.43109776250000004
14 0.7529296875 0.08211386041666667 0.7080078125 0.07331594583333333 0.68359375 0.18328986458333332 0.76171875 0.21848151875 0.783203125 0.12463710833333333 0.7529296875 0.08211386041666667
3 0.787109375 0.2624710875 0.8896484375 0.28153323333333335 0.89453125 0.265403725 0.8857421875 0.25807212916666666 0.7783203125 0.22581311458333334 0.7509765625 0.23167838958333334 0.7021484375 0.2199478375 0.689453125 0.23021207083333334 0.7001953125 0.25513949166666666 0.7646484375 0.27860059375 0.7724609375 0.2932637833333333 0.888671875 0.32698911875000003 0.8876953125 0.30499433541666665 0.787109375 0.2624710875
5 0.8720703125 0.39883874583333334 0.7138671875 0.36364709166666664 0.685546875 0.32112384374999997 0.7470703125 0.3225901625 0.72265625 0.32992175625000003 0.7470703125 0.34018598958333335 0.7724609375 0.3343207145833333 0.7763671875 0.3489839020833333 0.8212890625 0.36951236875 0.8310546875 0.3577818166666667 0.8388671875 0.37244500625000004 0.8408203125 0.36364709166666664 0.8642578125 0.36657972916666665 0.8603515625 0.3577818166666667 0.6396484375 0.27273531874999996 0.6201171875 0.27860059375 0.609375 0.3035280166666666 0.6142578125 0.319657525 0.6474609375 0.3225901625 0.6884765625 0.38124291875 0.7978515625 0.4164345729166667 0.876953125 0.42376616875 0.880859375 0.40617034166666666 0.8720703125 0.39883874583333334