10 0.1552734375 0.6052631583333333 0.1611328125 0.6052631583333333 0.1728515625 0.6426031291666666 0.1884765625 0.66394025625 0.189453125 0.6452702708333333 0.185546875 0.63460170625 0.185546875 0.62393314375 0.169921875 0.5865931729166667 0.169921875 0.5492532 0.1640625 0.5172475104166667 0.1552734375 0.4879089625 0.1435546875 0.46657183541666664 0.140625 0.469238975 0.138671875 0.48524182083333334 0.1513671875 0.5092460875 0.16015625 0.5385846375 0.1640625 0.5865931729166667 0.1533203125 0.57859175 0.1337890625 0.5519203416666667 0.1181640625 0.50391180625 0.1142578125 0.50391180625 0.11328125 0.5225817916666666 0.1171875 0.5385846375 0.1357421875 0.58392603125 0.1552734375 0.6052631583333333
5 0.123046875 0.6932788041666667 0.16796875 0.8106330020833333 0.1806640625 0.8559743958333333 0.1845703125 0.8613086770833333 0.2080078125 0.8613086770833333 0.208984375 0.8479729729166666 0.20703125 0.8373044104166667 0.1953125 0.8159672833333332 0.19921875 0.7999644375 0.197265625 0.7786273125 0.171875 0.70928165 0.171875 0.7039473687500001 0.1689453125 0.7012802270833334 0.158203125 0.6666073958333333 0.130859375 0.5972617354166666 0.1279296875 0.58392603125 0.125 0.5865931729166667 0.125 0.6079302979166666 0.12890625 0.62393314375 0.18359375 0.7786273125 0.1806640625 0.8026315791666666 0.1748046875 0.7972972979166666 0.1630859375 0.7706258895833333 0.1162109375 0.6479374104166666 0.1064453125 0.6319345666666667 0.1025390625 0.6319345666666667 0.1015625 0.6452702708333333 0.1162109375 0.6692745375 0.123046875 0.6932788041666667
11 0.0517578125 0.7012802270833334 0.0830078125 0.74395448125 0.0888671875 0.7706258895833333 0.0908203125 0.7652916083333333 0.0986328125 0.7652916083333333 0.1123046875 0.7919630166666667 0.1337890625 0.8186344229166667 0.13671875 0.80529871875 0.125 0.7626244666666667 0.115234375 0.7412873395833334 0.115234375 0.70928165 0.1123046875 0.7012802270833334 0.1044921875 0.7012802270833334 0.0771484375 0.6212660020833333 0.0556640625 0.57859175 0.0546875 0.5812588895833334 0.05078125 0.5865931729166667 0.048828125 0.61326458125 0.0732421875 0.6586059750000001 0.087890625 0.7039473687500001 0.0869140625 0.7119487916666666 0.0595703125 0.67460881875 0.0537109375 0.6586059750000001 0.0458984375 0.6479374104166666 0.0341796875 0.6159317208333334 0.0283203125 0.6159317208333334 0.0234375 0.6399359895833334 0.0517578125 0.7012802270833334
7 0 0.7626244666666667 0.0205078125 0.7972972979166666 0.0283203125 0.8026315791666666 0.03515625 0.8213015645833334 0.0341796875 0.82396870625 0.0302734375 0.8133001416666666 0.0234375 0.8319701270833334 0.0224609375 0.8613086770833333 0.0302734375 0.8613086770833333 0.0322265625 0.8559743958333333 0.0380859375 0.8559743958333333 0.0634765625 0.83463726875 0.076171875 0.8106330020833333 0.076171875 0.78396159375 0.0693359375 0.7706258895833333 0.0458984375 0.7919630166666667 0.0380859375 0.7812944520833334 0.0302734375 0.759957325 0.0205078125 0.7492887625000001 0.0009765625 0.7119487916666666 0 0.71461593125 0 0.7626244666666667
13 0.1064453125 0.919985775 0.1005859375 0.91465149375 0.0927734375 0.8933143666666666 0.0712890625 0.8613086770833333 0.0625 0.86397581875 0.060546875 0.8959815083333333 0.0634765625 0.9039829312500001 0.0673828125 0.9039829312500001 0.0830078125 0.9306543395833333 0.0947265625 0.9359886208333333 0.1005859375 0.9519914645833333 0.1083984375 0.9519914645833333 0.1337890625 0.9893314375000001 0.1381911703125 0.9845492833333334 0.1318359375 0.9679943104166667 0.1103515625 0.9359886208333333 0.1064453125 0.919985775
13 0.138671875 0.9173186354166667 0.1240234375 0.8826458041666666 0.1083984375 0.8613086770833333 0.1044921875 0.8506401145833333 0.099609375 0.8533072541666668 0.0966796875 0.8559743958333333 0.09375 0.8693101 0.0947265625 0.8933143666666666 0.1025390625 0.8986486479166668 0.1123046875 0.919985775 0.1259765625 0.9306543395833333 0.1279296875 0.9413229020833334 0.13753144374999998 0.9406084666666668 0.1655656921875 0.9838850125 0.166015625 0.9759957333333333 0.141369459375 0.93104208125 0.138671875 0.9173186354166667
13 0.0810546875 0.9413229020833334 0.0615234375 0.8986486479166668 0.0419921875 0.8719772395833334 0.03515625 0.87464438125 0.03125 0.8959815083333333 0.0361328125 0.9093172125 0.0478515625 0.9253200562499999 0.0634765625 0.9359886208333333 0.0673828125 0.9466571833333333 0.0732421875 0.9466571833333333 0.0791015625 0.9573257458333334 0.0830078125 0.9573257458333334 0.10097902968750001 0.9845492833333334 0.1015625 0.9759957333333333 0.0869140625 0.9466571833333333 0.0810546875 0.9413229020833334
13 0.013671875 0.88531294375 0.009765625 0.8959815083333333 0.009765625 0.9066500708333333 0.0126953125 0.91465149375 0.0400390625 0.9466571833333333 0.0505841109375 0.9471947958333333 0.06944049062499999 0.9713385520833333 0.07160981250000001 0.9635943104166667 0.05091784687499999 0.9376284104166667 0.0458984375 0.919985775 0.0341796875 0.9093172125 0.0205078125 0.8826458041666666 0.013671875 0.88531294375
13 0 0.9333214791666666 0.0029296875 0.9413229020833334 0.0087890625 0.9413229020833334 0.0146484375 0.9519914645833333 0.0187118484375 0.9458281708333334 0.041739965625 0.969516375 0.0217154984375 0.9348951437499999 0.0166015625 0.919985775 0.0126953125 0.919985775 0.00035608593749999996 0.8934407833333334 0 0.9013157895833334 0 0.9333214791666666
13 0.165901934375 0.9172615604166666 0.1578693765625 0.8857684791666667 0.1471271890625 0.8617642125 0.1334553140625 0.8404270854166668 0.1256428140625 0.8190899604166667 0.1227131265625 0.8217570999999999 0.1149006265625 0.8377599458333334 0.1149006265625 0.8590970708333334 0.1217365640625 0.8777670583333333 0.1354084390625 0.8991041833333333 0.1432209390625 0.9044384666666667 0.1490803140625 0.9204413104166667 0.1568928140625 0.9204413104166667 0.1705646890625 0.93644415625 0.1966061203125 0.9828596875 0.1988850015625 0.9764512687500001 0.1705646890625 0.9257755916666667 0.165901934375 0.9172615604166666
13 0.1953125 0.8906472270833333 0.1884765625 0.8719772395833334 0.1826171875 0.8666429583333334 0.1572265625 0.8079658604166667 0.1494140625 0.7972972979166666 0.14453125 0.7999644375 0.140625 0.8106330020833333 0.138671875 0.8266358458333334 0.1513671875 0.8613086770833333 0.1728515625 0.8933143666666666 0.18792884375000002 0.9218169854166667 0.1919337390625 0.916806025 0.1982421875 0.9253200562499999 0.2236328125 0.9786628729166666 0.228515625 0.9759957333333333 0.2275390625 0.9679943104166667 0.1953125 0.9013157895833334 0.1953125 0.8906472270833333
12 0.291015625 0.7572901854166666 0.2822265625 0.7279516354166666 0.279296875 0.7306187770833333 0.275390625 0.7359530583333334 0.27734375 0.7519559041666667 0.3115753734375 0.8813827750000001 0.3104997296875 0.8866030520833333 0.31444375 0.9202086208333333 0.3194634046875 0.9290178375 0.3251953125 0.9253200562499999 0.328125 0.9173186354166667 0.326171875 0.88531294375 0.3193359375 0.8773115229166667 0.314453125 0.86397581875 0.291015625 0.7572901854166666
8 0.7621118578125 0.8224001458333333 0.7716031359375 0.9087680333333333 0.7925630109374999 0.9033700395833333 0.7913766203125 0.8688229041666666 0.78267626875 0.8634249104166667 0.7771396875 0.82132054375 0.7791170359375 0.6842114958333333 0.7688348296874999 0.6399479645833334 0.791015625 0.5812588895833334 0.791015625 0.55458748125 0.7890625 0.54391891875 0.791015625 0.5385846375 0.79296875 0.5012446666666667 0.80078125 0.469238975 0.80078125 0.4425675666666667 0.7978515625 0.4345661458333333 0.7939453125 0.4345661458333333 0.7880859375 0.41856329999999997 0.78515625 0.4212304416666666 0.7724609375 0.4399004270833334 0.7470703125 0.44523470833333334 0.7412109375 0.4612375541666667 0.7373046875 0.4612375541666667 0.7275390625 0.47724039791666667 0.724609375 0.49057610208333335 0.724609375 0.5012446666666667 0.740234375 0.5492532 0.73828125 0.61326458125 0.7530160421875001 0.77597736875 0.7609254359375 0.7964897812499999 0.7621118578125 0.8224001458333333
8 0.8491227718750001 0.9520685875 0.8525390625 0.9573257458333334 0.8549710656249999 0.96063536875 0.8585371078125 0.9766007625 0.8708043 1 0.9197303921875 0.9999647395833333 0.9193024640624999 0.9808841520833333 0.9153085031250001 0.960245975 0.8994752703125 0.9294833979166667 0.896484375 0.9066500708333333 0.892578125 0.8906472270833333 0.892578125 0.87464438125 0.896484375 0.86397581875 0.896484375 0.8479729729166666 0.8984375 0.8426386916666666 0.896484375 0.8373044104166667 0.8984375 0.8266358458333334 0.896484375 0.8213015645833334 0.896484375 0.789295875 0.89453125 0.78396159375 0.89453125 0.7572901854166666 0.892578125 0.7519559041666667 0.892578125 0.7199502125 0.8896484375 0.7119487916666666 0.8818359375 0.7066145083333333 0.8779296875 0.6959459458333334 0.8642578125 0.6959459458333334 0.8603515625 0.6852773833333334 0.8505859375 0.6852773833333334 0.84765625 0.6932788041666667 0.84765625 0.7306187770833333 0.8447265625 0.75462304375 0.8420064859374999 0.7361410458333334 0.841293278125 0.7003162833333333 0.8414359171875001 0.6676067145833334 0.8408653484374999 0.6465791291666666 0.8343038343750001 0.64735793125 0.8285981687499999 0.6547565145833333 0.826171875 0.6719416791666667 0.8247468375 0.689802475 0.822265625 0.7039473687500001 0.82421875 0.789295875 0.826171875 0.79463015625 0.826171875 0.8426386916666666 0.8314510015625001 0.8727262875 0.833984375 0.88531294375 0.845703125 0.9226529166666667 0.845703125 0.9386557604166667 0.8491227718750001 0.9520685875
4 0.8244401859374999 0.6835962541666666 0.825125296875 0.6592820541666666 0.8223848171875 0.6474366583333333 0.815076859375 0.6343444 0.8114228625000001 0.6256162104166666 0.804343259375 0.6187583666666666 0.8020595203124999 0.6050426270833333 0.8036581640625 0.59444414375 0.7990906875 0.5875862979166667 0.8000041687499999 0.5794815416666667 0.8013744265625 0.5638955062500001 0.800460909375 0.5327234375 0.7947515625 0.53210000625 0.79383808125 0.50030450625 0.7929245640625 0.5077857833333334 0.7933813390625 0.5832221791666666 0.7977204296875 0.5850925229166666 0.795208303125 0.5913269354166667 0.7908692125 0.59943169375 0.790640825 0.6175114541666668 0.7828761265625 0.6281099854166666 0.7785370359375 0.6935713291666666 0.7778519078125 0.73783565625 0.7778519078125 0.80766109375 0.7780802609374999 0.8269877666666667 0.7833328671875 0.8631473729166667 0.7979488171875 0.8643942375000001 0.8118796046875 0.8619004979166667 0.8196443203125 0.8513019895833334 0.8242117984374999 0.8282346541666666 0.8253536671875 0.8120251895833334 0.8950077046875 0.7783593458333333 0.8986617000000001 0.7933219479166667 0.8982049421875 0.8263643354166667 0.90048868125 0.8375862875000001 0.916703225 0.8294815416666667 0.9368001343750001 0.8213768104166667 0.9434229796875 0.8132720770833333 0.94867556875 0.7895812854166666 0.937942003125 0.6249927791666666 0.9324610265625 0.6181349333333334 0.92195583125 0.6137708166666667 0.9112222640625 0.6131473833333333 0.8982049421875 0.62873341875 0.88701461875 0.6524241854166667 0.8822187703125 0.6767383604166667 0.8803917890624999 0.7016760145833333 0.8913537249999999 0.7153917770833333 0.823069928125 0.7471872770833333 0.8216996890624999 0.7060401562499999 0.8244401859374999 0.6835962541666666