14 0.232421875 0.8432426958333333 0.232421875 0.7488839291666667 0.12890625 0.7336647729166667 0.126953125 0.8371550333333333 0.138671875 0.8767248375 0.1748046875 0.9025974020833334 0.2099609375 0.8904220770833333 0.232421875 0.8432426958333333
0 0.3408203125 0.19338473958333333 0.3203125 0.18273133125 0.310546875 0.191862825 0.3046875 0.22230113541666666 0.318359375 0.5297280854166667 0.291015625 0.6423498375 0.3115234375 0.6895292208333333 0.3388671875 0.7077922083333333 0.3515625 0.6271306812499999 0.375 0.5997362020833333 0.35546875 0.5571225645833333 0.349609375 0.5145089291666667 0.34765625 0.21316964375 0.3408203125 0.19338473958333333
7 0.4228515625 0.777800325 0.404296875 0.7214894479166667 0.400390625 0.6271306812499999 0.40234375 0.5236404229166667 0.412109375 0.46276379791666666 0.4140625 0.1796875 0.4072265625 0.14772727291666668 0.37890625 0.14620535625 0.373046875 0.15533685 0.37109375 0.32579139583333333 0.3828125 0.5023336041666666 0.384765625 0.7184456166666667 0.3623046875 0.7564935062499999 0.3193359375 0.753449675 0.31640625 0.8006290583333333 0.4091796875 0.8204139604166667 0.4501953125 0.7930194812500001 0.48046875 0.7367086041666667 0.4697265625 0.7351866875 0.4228515625 0.777800325
15 0.4677734375 0.7138798708333333 0.484375 0.7062702916666667 0.484375 0.6301745125 0.498046875 0.6088676958333333 0.490234375 0.5358157458333334 0.501953125 0.3014407458333333 0.486328125 0.2953530854166667 0.439453125 0.35622970833333334 0.451171875 0.6971387979166667 0.4677734375 0.7138798708333333
13 0.048828125 0.8036728895833334 0.0537109375 0.8173701291666667 0.0732421875 0.8173701291666667 0.078125 0.6788758125 0.06640625 0.66365665625 0.06640625 0.4079748375 0.05859375 0.39884334375 0.05859375 0.6667004875 0.048828125 0.6758319812500001 0.048828125 0.8036728895833334
13 0.0703125 0.11272321458333333 0.056640625 0.12489853958333333 0.056640625 0.28013392916666663 0.05859375 0.32883522708333335 0.072265625 0.35014204583333336 0.0703125 0.6271306812499999 0.0830078125 0.6286525979166666 0.08203125 0.36840503333333335 0.083984375 0.34101055208333336 0.09765625 0.32579139583333333 0.091796875 0.3014407458333333 0.095703125 0.12489853958333333 0.0703125 0.11272321458333333
13 0.099609375 0.32274756458333337 0.11328125 0.3349228895833333 0.1171875 0.5966923708333333 0.1259765625 0.6073457791666667 0.125 0.34101055208333336 0.138671875 0.32274756458333337 0.138671875 0.14620535625 0.1337890625 0.11120129791666668 0.109375 0.10967938333333334 0.099609375 0.11881087708333334 0.099609375 0.32274756458333337
13 0.09375 0.6758319812500001 0.083984375 0.684963475 0.083984375 0.7884537333333334 0.0859375 0.8128043833333333 0.0986328125 0.8234577916666667 0.1142578125 0.8173701291666667 0.1171875 0.8036728895833334 0.11328125 0.68191964375 0.1015625 0.67278815 0.099609375 0.4140625 0.09375 0.401887175 0.09375 0.6758319812500001
11 0.69140625 0.6453936687499999 0.689453125 0.5114650979166666 0.6806640625 0.49776785625000003 0.669921875 0.5053774354166667 0.66796875 0.6301745125 0.6455078125 0.7108360395833333 0.625 0.6301745125 0.625 0.5114650979166666 0.6181640625 0.494724025 0.609375 0.49624594166666663 0.6015625 0.5266842541666666 0.59765625 0.6484375 0.611328125 0.7123579541666667 0.6015625 0.7427962666666666 0.62109375 0.7793222395833334 0.62890625 0.8889001625 0.6474609375 0.9025974020833334 0.666015625 0.8280235395833333 0.666015625 0.7732345770833333 0.685546875 0.7488839291666667 0.6796875 0.7032264604166667 0.69140625 0.6453936687499999
10 0.60546875 0.3623173708333333 0.6181640625 0.36992694791666664 0.626953125 0.3957995125 0.625 0.44145698125 0.6416015625 0.56473214375 0.650390625 0.5571225645833333 0.6640625 0.43841315 0.662109375 0.38058035625000003 0.681640625 0.3623173708333333 0.67578125 0.32579139583333333 0.697265625 0.26491477291666665 0.689453125 0.14620535625 0.6787109375 0.11424512916666667 0.66796875 0.11576704583333333 0.671875 0.24056412291666665 0.65234375 0.31361607083333337 0.6416015625 0.32122565 0.623046875 0.27100243541666663 0.619140625 0.191862825 0.626953125 0.13098620208333334 0.6201171875 0.12033279166666667 0.60546875 0.143161525 0.59375 0.23447646041666664 0.599609375 0.2953530854166667 0.615234375 0.33187905833333337 0.60546875 0.3623173708333333
1 0.962890625 0.31970373333333335 0.9580078125 0.309050325 0.9228515625 0.31818181875 0.8525390625 0.3029626625 0.841796875 0.26795860416666667 0.8544921875 0.24512987083333335 0.8974609375 0.21469155833333334 0.9658203125 0.19642857083333334 0.97265625 0.1796875 0.966796875 0.11881087708333334 0.9453125 0.11272321458333333 0.8349609375 0.17207792291666665 0.8046875 0.20708198125 0.794921875 0.24360795416666667 0.814453125 0.33187905833333337 0.8203125 0.4079748375 0.830078125 0.42928165625 0.837890625 0.7275771104166666 0.8701171875 0.7717126625 0.9365234375 0.8143262979166667 0.9482421875 0.8112824666666667 0.951171875 0.7975852270833333 0.962890625 0.31970373333333335