4 0.3466796875 1 0.353515625 0.8879394541666666 0.3359375 0.5935058583333334 0.3193359375 0.55615234375 0.3056640625 0.54296875 0.294921875 0.5451660166666666 0.2763671875 0.5693359375 0.26953125 0.5891113291666666 0.265625 0.6110839833333334 0.267578125 0.6682128916666666 0.2587890625 0.68359375 0.2392578125 0.68359375 0.1904296875 0.6572265625 0.1494140625 0.65283203125 0.1318359375 0.6044921875 0.0927734375 0.60888671875 0.0888671875 0.61767578125 0.0380859375 0.61767578125 0.025390625 0.6506347666666666 0.01953125 0.7209472666666666 0.01953125 0.8615722666666666 0.025390625 0.9187011708333334 0.0791015625 0.9296875 0.0830078125 0.94287109375 0.1064453125 0.94287109375 0.123046875 0.9055175791666666 0.138671875 0.8044433583333334 0.1455078125 0.78466796875 0.2080078125 0.7978515625 0.220703125 0.8088378916666666 0.2314453125 0.86376953125 0.2509765625 0.86376953125 0.26171875 0.8791503916666666 0.263671875 0.9011230458333334 0.275390625 0.9187011708333334 0.2880859375 1 0.3466796875 1
14 0.365234375 0.9274902333333334 0.3740234375 0.94287109375 0.4013671875 0.96484375 0.4287109375 0.9736328125 0.4521484375 0.9560546875 0.4619140625 0.9296875 0.4765625 0.9230957041666666 0.4765625 0.8527832041666666 0.484375 0.8176269541666666 0.48828125 0.7561035166666666 0.4833984375 0.74072265625 0.4755859375 0.736328125 0.4140625 0.7385253916666666 0.390625 0.8132324208333334 0.390625 0.8659667958333334 0.4091796875 0.9208984375 0.4228515625 0.93408203125 0.451171875 0.9362792958333334 0.4326171875 0.96044921875 0.4111328125 0.9560546875 0.3798828125 0.91650390625 0.3544921875 0.859375 0.3515625 0.8791503916666666 0.369140625 0.9143066416666666 0.365234375 0.9274902333333334
7 0.5390625 0.7868652333333334 0.541015625 0.8571777333333334 0.541015625 0.9934082041666666 0.5576171875 1 0.56640625 0.32983398333333336 0.5634765625 0.3232421875 0.52734375 0.32543945416666664 0.525390625 0.37377929583333336 0.53515625 0.7780761708333334 0.5390625 0.7868652333333334
5 0.935546875 0.5891113291666666 0.9462890625 0.61328125 0.9716796875 0.64404296875 0.9833984375 0.6396484375 0.986328125 0.6242675791666666 0.96875 0.5319824208333334 0.990234375 0.46166992083333336 0.986328125 0.013427733333333334 0.978515625 0.004638670833333333 0.97265625 0.026611329166666666 0.970703125 0.40454101666666664 0.96875 0.43530273333333336 0.9560546875 0.47265625 0.953125 0.42651367083333336 0.958984375 0.04858398333333334 0.9560546875 0.03759765625 0.9501953125 0.03759765625 0.9453125 0.05297851666666666 0.9375 0.5100097666666666 0.93359375 0.5451660166666666 0.935546875 0.5891113291666666
11 0.892578125 0.36938476666666664 0.8994140625 0.34521484375 0.91015625 0.34301757916666664 0.90234375 0.32543945416666664 0.90234375 0.30346679583333336 0.916015625 0.19360351666666667 0.912109375 0.12329101666666667 0.9140625 0.04418945416666666 0.9072265625 0.033203125 0.8984375 0.05297851666666666 0.896484375 0.20678710833333333 0.8759765625 0.314453125 0.86328125 0.22436523333333333 0.86328125 0.15844726666666667 0.87109375 0.04858398333333334 0.8642578125 0.02880859375 0.859375 0.031005858333333334 0.853515625 0.05737304583333334 0.853515625 0.10131835833333333 0.84375 0.18920898333333333 0.849609375 0.31665039166666664 0.83984375 0.32983398333333336 0.859375 0.36059570416666664 0.85546875 0.47924804583333336 0.86328125 0.5319824208333334 0.8740234375 0.53857421875 0.87890625 0.5319824208333334 0.88671875 0.48803710833333336 0.892578125 0.36938476666666664
11 0.7978515625 0.02880859375 0.79296875 0.03979492083333334 0.794921875 0.20678710833333333 0.779296875 0.29907226666666664 0.7744140625 0.3056640625 0.759765625 0.21118164166666667 0.759765625 0.14086914166666667 0.767578125 0.03540039166666666 0.7578125 0.031005858333333334 0.74609375 0.14086914166666667 0.74609375 0.21997070416666667 0.759765625 0.31665039166666664 0.759765625 0.42651367083333336 0.765625 0.46606445416666664 0.7744140625 0.47705078125 0.7890625 0.40893554583333336 0.7890625 0.31665039166666664 0.8046875 0.25073242083333336 0.810546875 0.13647460833333333 0.8046875 0.03979492083333334 0.7978515625 0.02880859375
12 0.63671875 0.29907226666666664 0.640625 0.11889648333333333 0.650390625 0.04858398333333334 0.650390625 0.004638670833333333 0.623046875 0.004638670833333333 0.623046875 0.07495117083333333 0.62890625 0.08813476666666667 0.623046875 0.35180664166666664 0.62109375 0.38696289166666664 0.607421875 0.43090820416666664 0.6142578125 0.4638671875 0.6240234375 0.47705078125 0.6357421875 0.47705078125 0.6484375 0.44409179583333336 0.646484375 0.41333007916666664 0.63671875 0.38696289166666664 0.63671875 0.29907226666666664
15 0.525390625 0.009033204166666666 0.529296875 0.13647460833333333 0.533203125 0.14965820416666667 0.53125 0.21997070416666667 0.5341796875 0.2353515625 0.5517578125 0.25732421875 0.556640625 0.21997070416666667 0.556640625 0.12768554583333333 0.560546875 0.11889648333333333 0.55859375 0.004638670833333333 0.53515625 0.00024414166666666666 0.525390625 0.009033204166666666
13 0.458984375 0.5715332041666666 0.451171875 0.5671386708333334 0.4482421875 0.57373046875 0.4091796875 0.5693359375 0.404296875 0.5803222666666666 0.40625 0.6330566416666666 0.4384765625 0.63525390625 0.4443359375 0.6220703125 0.4580078125 0.630859375 0.4599609375 0.6044921875 0.505859375 0.6022949208333334 0.5048828125 0.59130859375 0.4599609375 0.59130859375 0.458984375 0.5715332041666666
13 0.40234375 0.46166992083333336 0.40234375 0.5012207041666666 0.4072265625 0.51220703125 0.4541015625 0.51220703125 0.4580078125 0.48583984375 0.5029296875 0.490234375 0.505859375 0.48364257916666664 0.4990234375 0.47265625 0.4580078125 0.47265625 0.4560546875 0.4462890625 0.408203125 0.44409179583333336 0.40234375 0.46166992083333336
13 0.3641600203125 0 0.3671907640625 0.07840570208333333 0.3632507875 0.09340109375 0.3650692296875 0.11044130625 0.37355532187499996 0.10703326249999999 0.37109375 0.49682617083333336 0.3759765625 0.52099609375 0.38022294843750004 0.10839646041666667 0.3887090390625 0.10907808333333334 0.385981365625 0.079768925 0.3871936671875 0 0.3641600203125 0
13 0.31640625 0.09692382916666667 0.31640625 0.41333007916666664 0.3232421875 0.419921875 0.322265625 0.08813476666666667 0.330078125 0.06176757916666666 0.328125 0.004638670833333333 0.314453125 0.00024414166666666666 0.310546875 0.004638670833333333 0.30859375 0.07055664166666667 0.31640625 0.09692382916666667
13 0.25390625 0.11889648333333333 0.2578125 0.38256835833333336 0.2626953125 0.38916015625 0.265625 0.35620117083333336 0.259765625 0.11889648333333333 0.26953125 0.11010742083333333 0.265625 0.08374023333333333 0.267578125 0.004638670833333333 0.24609375 0.00024414166666666666 0.24609375 0.11010742083333333 0.25390625 0.11889648333333333