0 0.9580078125 0.9407618375 0.6884765625 0.9407618375 0.6552734375 0.9308172104166667 0.6044921875 0.8989944 0.5908203125 0.92087258125 0.5576171875 0.91888365625 0.53125 0.9298227479166666 0.5322265625 0.9387729125 0.560546875 0.9517009291666666 0.5625 0.9616455583333334 0.5595703125 0.9705957229166666 0.5185546875 0.96065109375 0.513671875 0.9656234083333334 0.5234375 0.9875015916666666 0.54296875 0.9994351458333333 0.6083984375 0.9984406812500001 0.6728515625 0.9745735750000001 0.9658203125 0.9904849791666667 0.98046875 0.9815348145833334 0.984375 0.95965663125 0.9755859375 0.9467286145833333 0.9580078125 0.9407618375
16 0.9521484375 0.8751272916666667 0.95703125 0.8641882 0.9228515625 0.8691605145833333 0.908203125 0.8562324979166667 0.908203125 0.8323653895833334 0.943359375 0.8164539833333334 0.9189453125 0.8035259666666666 0.8837890625 0.80750381875 0.8525390625 0.8333598520833333 0.5908203125 0.8333598520833333 0.5576171875 0.82540415 0.5283203125 0.8015370416666666 0.4990234375 0.7975591895833334 0.4716796875 0.8114816708333333 0.453125 0.8323653895833334 0.4541015625 0.8413155541666666 0.4892578125 0.8333598520833333 0.505859375 0.8403210916666667 0.509765625 0.8761217541666666 0.470703125 0.8940220854166667 0.4921875 0.9039667125 0.5361328125 0.9029722499999999 0.5654296875 0.8771162166666666 0.5888671875 0.8711494395833334 0.8486328125 0.8711494395833334 0.8935546875 0.8950165479166666 0.9169921875 0.8970054729166667 0.9521484375 0.8751272916666667
16 0.8212890625 0.7438581979166667 0.7373046875 0.7597696020833333 0.4521484375 0.76772530625 0.3681640625 0.7617585291666666 0.3515625 0.7766754708333334 0.353515625 0.7965647270833334 0.365234375 0.80452043125 0.4423828125 0.7915924125 0.7294921875 0.7816477854166667 0.8271484375 0.7935813395833333 0.83984375 0.7826422479166666 0.84375 0.7667308416666666 0.8349609375 0.749824975 0.8212890625 0.7438581979166667
7 0.388671875 0.6235281958333334 0.3701171875 0.6384451375 0.1142578125 0.6503786916666667 0.1015625 0.65733993125 0.1064453125 0.6881682791666666 0.3916015625 0.6682790229166666 0.396484375 0.6851848895833333 0.375 0.7170077020833333 0.4091796875 0.6981129083333334 0.423828125 0.6732513375 0.42578125 0.6354617499999999 0.412109375 0.61955034375 0.4091796875 0.58474414375 0.380859375 0.5917053854166666 0.388671875 0.6235281958333334
7 0.337890625 0.4564584395833334 0.3251953125 0.46739753125 0.0517578125 0.4773421583333333 0.044921875 0.486292325 0.0517578125 0.5131428208333333 0.3232421875 0.4972314145833333 0.341796875 0.5121483583333333 0.341796875 0.54596009375 0.37109375 0.54397116875 0.365234375 0.50817050625 0.37109375 0.47236984375 0.359375 0.44253596041666665 0.3134765625 0.40772976041666664 0.302734375 0.4166799270833333 0.337890625 0.4564584395833334
0 0.283203125 0.07458471250000001 0.2841796875 0.04972314166666667 0.2578125 0.07259578750000001 0.255859375 0.09248504375 0.283203125 0.14220818541666666 0.2890625 0.34110075 0.298828125 0.3530343041666667 0.3115234375 0.35402876875 0.3203125 0.3430896770833333 0.310546875 0.14618603541666667 0.330078125 0.10044074583333333 0.30859375 0.08850719166666667 0.2998046875 0.05568991875 0.283203125 0.07458471250000001
10 0.470703125 0.3470675270833333 0.4765625 0.29336653541666663 0.474609375 0.24364339375000002 0.46484375 0.22176521041666666 0.470703125 0.19988702916666667 0.447265625 0.18397562291666666 0.447265625 0.12033000208333333 0.4326171875 0.04773421666666667 0.42578125 0.05270652916666666 0.416015625 0.10839644791666667 0.416015625 0.187953475 0.39453125 0.20187595416666668 0.3984375 0.22773198749999998 0.388671875 0.26353265 0.40625 0.35701215625 0.419921875 0.3530343041666667 0.4140625 0.25159909583333334 0.4306640625 0.19690363958333332 0.453125 0.24961017083333334 0.4501953125 0.35601769375000003 0.4638671875 0.35601769375000003 0.470703125 0.3470675270833333
3 0.611328125 0.28342190625 0.607421875 0.19392025208333333 0.58984375 0.1819866979166667 0.58984375 0.13823033333333334 0.5771484375 0.10740198541666666 0.568359375 0.110385375 0.560546875 0.13226355625 0.5625 0.18397562291666666 0.544921875 0.19789810416666667 0.55078125 0.21182058333333334 0.546875 0.2754662041666667 0.564453125 0.3331450479166667 0.57421875 0.3291671979166667 0.564453125 0.23966554166666668 0.5771484375 0.1929257895833333 0.59375 0.23767661666666667 0.5927734375 0.33215058541666664 0.60546875 0.32518934583333337 0.611328125 0.28342190625
11 0.7900390625 0.2963499229166667 0.798828125 0.29336653541666663 0.794921875 0.16607529375 0.77734375 0.1501638875 0.77734375 0.1123743 0.7626953125 0.0775681 0.75390625 0.08055148958333333 0.74609375 0.10441859791666668 0.74609375 0.15414173958333333 0.734375 0.17005314375 0.732421875 0.23767661666666667 0.7421875 0.29734438541666663 0.75390625 0.29336653541666663 0.755859375 0.28342190625 0.751953125 0.19789810416666667 0.7626953125 0.153147275 0.78125 0.20386488125 0.783203125 0.28541083333333334 0.7900390625 0.2963499229166667
11 0.9765625 0.2993333125 0.9873046875 0.31623918125 0.998046875 0.30728901458333335 0.9765625 0.19193132708333333 0.935546875 0.11635215208333333 0.9296875 0.08254041458333333 0.935546875 0.05469545625 0.9228515625 0.01591140625 0.9091796875 0.06364562083333333 0.8916015625 0.017900331250000002 0.884765625 0.02883942291666667 0.884765625 0.11834107708333333 0.845703125 0.21977628541666666 0.845703125 0.32121149375 0.85546875 0.31922256875 0.86328125 0.29535546041666666 0.8671875 0.21182058333333334 0.9072265625 0.10939091041666667 0.9140625 0.110385375 0.9609375 0.20784273125 0.9765625 0.2993333125
16 0.4765625 0.40474637291666665 0.4765625 0.4206577770833333 0.48828125 0.46839199375 0.486328125 0.6871738166666667 0.498046875 0.69711844375 0.5126953125 0.6961239812500001 0.51953125 0.6871738166666667 0.505859375 0.5559047229166667 0.51171875 0.4067352979166667 0.5009765625 0.39579620625 0.4853515625 0.39579620625 0.4765625 0.40474637291666665
13 0.828125 0.3868460416666667 0.8212890625 0.3719290979166667 0.8115234375 0.36994017291666664 0.7900390625 0.3719290979166667 0.783203125 0.39480174375000004 0.78515625 0.5240819125 0.779296875 0.5340265395833333 0.794921875 0.54596009375 0.787109375 0.71302985 0.79296875 0.7368969583333332 0.802734375 0.73490803125 0.806640625 0.715018775 0.806640625 0.5499379458333333 0.822265625 0.5380043916666666 0.818359375 0.5141372833333333 0.826171875 0.46441414166666667 0.828125 0.3868460416666667
13 0.861328125 0.41071315 0.861328125 0.46640306875 0.8671875 0.56584935 0.880859375 0.5738050541666666 0.8828125 0.7468415854166667 0.888671875 0.7647419166666667 0.896484375 0.7587751395833333 0.89453125 0.5718161270833334 0.908203125 0.56584935 0.912109375 0.42463562916666664 0.90625 0.3908238916666667 0.8740234375 0.38386265208333337 0.861328125 0.41071315
13 0.939453125 0.42463562916666664 0.943359375 0.5698272020833334 0.955078125 0.5777829041666667 0.95703125 0.69314059375 0.96875 0.6911516666666666 0.966796875 0.5757939791666666 0.9765625 0.5698272020833334 0.97265625 0.43259133125000004 0.9658203125 0.4156854625 0.9462890625 0.4156854625 0.939453125 0.42463562916666664