13 0.7763671875 0 0.767578125 0.02490234375 0.76953125 0.08935546875 0.7578125 0.19189453125 0.7578125 0.26513671875 0.767578125 0.32080078125 0.77734375 0.32958984375 0.7978515625 0.3310546875 0.810546875 0.31787109375 0.8203125 0.25927734375 0.8203125 0.18603515625 0.80859375 0.06884765625 0.8125 0.02197265625 0.8056640625 0 0.7763671875 0
10 0.6494140625 0.5419921875 0.66796875 0.53466796875 0.677734375 0.46435546875 0.67578125 0.40283203125 0.65625 0.31201171875 0.6640625 0.26513671875 0.640625 0.24169921875 0.640625 0.17431640625 0.634765625 0.15966796875 0.6240234375 0.029296875 0.6171875 0.03369140625 0.603515625 0.17138671875 0.60546875 0.24169921875 0.580078125 0.26806640625 0.58984375 0.28857421875 0.58984375 0.31494140625 0.5703125 0.41162109375 0.5703125 0.47607421875 0.580078125 0.53173828125 0.58984375 0.54052734375 0.5986328125 0.5419921875 0.603515625 0.53173828125 0.59375 0.47607421875 0.59375 0.41748046875 0.6220703125 0.28125 0.654296875 0.43212890625 0.6494140625 0.5419921875
0 0.4130859375 0 0.41015625 0.00732421875 0.416015625 0.21240234375 0.390625 0.30615234375 0.396484375 0.34423828125 0.421875 0.37353515625 0.4296875 0.37060546875 0.419921875 0.32373046875 0.4365234375 0.3134765625 0.4521484375 0.36328125 0.4609375 0.33251953125 0.4609375 0.29150390625 0.47265625 0.27978515625 0.443359375 0.20068359375 0.4423828125 0 0.4130859375 0
13 0.30859375 0.06591796875 0.30859375 0.16845703125 0.310546875 0.21533203125 0.322265625 0.23583984375 0.322265625 0.43798828125 0.330078125 0.42919921875 0.328125 0.22412109375 0.33984375 0.21533203125 0.33984375 0.07177734375 0.3310546875 0.0556640625 0.3173828125 0.052734375 0.30859375 0.06591796875
13 0.2958984375 0 0.25390625 0.00146484375 0.25390625 0.20654296875 0.267578125 0.22119140625 0.26953125 0.23583984375 0.2734375 0.51416015625 0.28125 0.50830078125 0.279296875 0.23583984375 0.2822265625 0.22265625 0.298828125 0.20947265625 0.29296875 0.18603515625 0.298828125 0.15087890625 0.2958984375 0
11 1 0.7537982562500001 0.95059540625 0.7563014333333334 0.8437431265625 0.6924694104166667 0.836443796875 0.6686888916666667 0.867330815625 0.6574244020833333 0.9516439109375 0.5985988291666666 1 0.5898376145833333 0.9990234375 0.55078125 0.9521484375 0.5537109375 0.8779296875 0.5947265625 0.8466796875 0.5830078125 0.8251953125 0.6416015625 0.8134765625 0.6474609375 0.7783203125 0.6357421875 0.72265625 0.65771484375 0.783203125 0.68115234375 0.7607421875 0.7060546875 0.7333984375 0.7060546875 0.724609375 0.71044921875 0.7275390625 0.7177734375 0.8193359375 0.720703125 0.83984375 0.73388671875 0.8525390625 0.779296875 0.8935546875 0.767578125 0.95703125 0.79541015625 1 0.79248046875 1 0.7537982562500001
2 0.8837890625 0.52734375 0.8935546875 0.5126953125 0.9990234375 0.5126953125 1 0.46435546875 0.8916015625 0.462890625 0.8798828125 0.4365234375 0.8662109375 0.4482421875 0.8154296875 0.4482421875 0.7939453125 0.3515625 0.783203125 0.35009765625 0.7802734375 0.375 0.7836387578124999 0.43839305 0.7853082984374999 0.46467683958333333 0.7393952203125 0.46592842916666666 0.7377256796875 0.4283801958333333 0.7402300546875 0.3808191125 0.734386534375 0.3708062604166667 0.7293778468750001 0.34702569375 0.712890625 0.43505859375 0.712890625 0.52294921875 0.740234375 0.52880859375 0.740234375 0.56982421875 0.75 0.56103515625 0.7548828125 0.5126953125 0.771484375 0.51708984375 0.7734375 0.55810546875 0.7841796875 0.5712890625 0.7861328125 0.52734375 0.8837890625 0.52734375
15 0.873046875 0.00146484375 0.873046875 0.07763671875 0.865234375 0.10693359375 0.884765625 0.13037109375 0.88671875 0.22998046875 0.9169921875 0.2080078125 0.923828125 0.18896484375 0.92578125 0.13037109375 0.935546875 0.11572265625 0.9296875 0.09521484375 0.9306640625 0 0.873046875 0.00146484375
5 0.15607794218749999 0 0.150390625 0.32373046875 0.150390625 0.36474609375 0.1328125 0.40576171875 0.138671875 0.44384765625 0.1552734375 0.4716796875 0.203125 0.51123046875 0.2138671875 0.5126953125 0.21875 0.49951171875 0.1943359375 0.4775390625 0.17578125 0.43798828125 0.1865234375 0.4189453125 0.2236328125 0.4775390625 0.234375 0.47314453125 0.208984375 0.37353515625 0.23046875 0.33251953125 0.23828125 0.29150390625 0.2353515625 0 0.2109375 0.00439453125 0.205078125 0.25048828125 0.1826171875 0.3046875 0.183889471875 0 0.15607794218749999 0
13 0.681640625 0.99755859375 0.69140625 1 0.705078125 0.99755859375 0.70703125 0.81884765625 0.697265625 0.80126953125 0.6923828125 0.6533203125 0.689453125 0.80126953125 0.681640625 0.81005859375 0.681640625 0.99755859375
7 0.7255859375 0.5712890625 0.6318359375 0.5712890625 0.541015625 0.60498046875 0.5439453125 0.6181640625 0.6171875 0.63720703125 0.6171875 0.99755859375 0.6552734375 0.9990234375 0.658203125 0.99169921875 0.66796875 0.64306640625 0.6728515625 0.6357421875 0.7275390625 0.6298828125 0.732421875 0.59912109375 0.7255859375 0.5712890625
0 0.5185546875 0.6123046875 0.513671875 0.62255859375 0.52734375 0.69287109375 0.5126953125 0.7119140625 0.4912109375 0.7119140625 0.4677734375 0.638671875 0.455078125 0.68408203125 0.453125 0.74267578125 0.4453125 0.74853515625 0.4453125 0.78076171875 0.462890625 0.79541015625 0.48046875 0.84814453125 0.48046875 0.99755859375 0.525390625 0.99755859375 0.52734375 0.85400390625 0.53515625 0.81005859375 0.568359375 0.71923828125 0.568359375 0.69580078125 0.55859375 0.66650390625 0.5185546875 0.6123046875
13 0.419921875 0.39111328125 0.4150390625 0.3779296875 0.40625 0.38232421875 0.404296875 0.39404296875 0.40625 0.68115234375 0.38671875 0.70166015625 0.39453125 0.76025390625 0.380859375 0.85693359375 0.3828125 0.95654296875 0.3955078125 0.984375 0.404296875 0.98876953125 0.4306640625 0.984375 0.4453125 0.94775390625 0.443359375 0.85107421875 0.4296875 0.75732421875 0.4375 0.70166015625 0.416015625 0.67529296875 0.419921875 0.39111328125
10 0.36427065000000003 1 0.36089395 0.9454189208333333 0.32421875 0.82763671875 0.33203125 0.79541015625 0.2978515625 0.7880859375 0.29296875 0.77783203125 0.3011680375 0.5857084 0.2939925203125 0.5812784333333333 0.2796414546875 0.7280992312500001 0.271484375 0.73095703125 0.240809190625 0.5876069270833334 0.23828125 0.59033203125 0.25390625 0.77197265625 0.2431640625 0.7880859375 0.2275390625 0.7880859375 0.21875 0.80126953125 0.2265625 0.83642578125 0.1953125 0.93896484375 0.193359375 0.99755859375 0.219493809375 1 0.22118214374999998 0.9542788291666666 0.2308902265625 0.92010496875 0.24692965781249998 0.8713756770833334 0.26339117343749996 0.8391004041666666 0.2709887734375 0.81821641875 0.2832293890625 0.8150521770833333 0.28280730468750004 0.8372018645833333 0.2937816375 0.8536559083333334 0.31361985312499996 0.89795528125 0.33641271875 0.9688342854166667 0.3372569171875 1 0.36427065000000003 1
15 0.1357421875 0.7763671875 0.0732421875 0.755859375 0.0400390625 0.7763671875 0.0234375 0.80126953125 0.0078125 0.87744140625 0.015625 0.91552734375 0.013671875 0.95068359375 0.0302734375 0.978515625 0.16796875 0.98583984375 0.177734375 0.97119140625 0.177734375 0.92431640625 0.166015625 0.89794921875 0.162109375 0.85693359375 0.171875 0.81884765625 0.1611328125 0.7998046875 0.1357421875 0.7763671875
13 0.576171875 0.06298828125 0.57421875 0.27099609375 0.58203125 0.26513671875 0.58203125 0.07763671875 0.595703125 0.03662109375 0.5927734375 0 0.564453125 0.00146484375 0.564453125 0.04833984375 0.576171875 0.06298828125