0 0.3212890625 0.3735979354166667 0.31640625 0.4245431083333333 0.3486328125 0.4566196979166667 0.384765625 0.5453020375000001 0.39453125 0.5188860208333334 0.365234375 0.44341169166666666 0.365234375 0.39812709166666665 0.3427734375 0.36227678541666664 0.34375 0.39435337708333335 0.3330078125 0.40756138333333336 0.3212890625 0.3735979354166667
5 0.123046875 0.4019008083333333 0.189453125 0.5490757541666667 0.201171875 0.4962437229166667 0.162109375 0.40944824166666666 0.1513671875 0.36605050208333334 0.146484375 0.405674525 0.140625 0.405674525 0.1376953125 0.34718191875 0.123046875 0.4019008083333333
4 0.49631757343749994 0.49259008958333333 0.501589203125 0.44403498750000003 0.498046875 0.39812709166666665 0.5087890625 0.3245396208333334 0.494140625 0.39812709166666665 0.47265625 0.44341169166666666 0.4609375 0.4962437229166667 0.453125 0.5566231854166667 0.4609375 0.5943603520833334 0.4697265625 0.5962472104166667 0.47563662031250004 0.5756035895833332 0.50199470625 0.637472175 0.5247032046875 0.66096656875 0.543762146875 0.6249418124999999 0.498046875 0.5377546041666666 0.49631757343749994 0.49259008958333333
7 0.51953125 0.49247000625 0.5458984375 0.4415248333333333 0.634765625 0.5717180520833334 0.64453125 0.5415283208333334 0.5546875 0.416995675 0.56640625 0.3717110770833333 0.5517578125 0.35850306875 0.52734375 0.4207693916666667 0.529296875 0.44718540833333337 0.51953125 0.49247000625
11 0.14530759843750002 0.5722115750000001 0.0859375 0.4962437229166667 0.0830078125 0.4792619979166667 0.0712890625 0.48303571458333333 0.0625 0.46982770625000003 0.0595703125 0.4603934145833334 0.0478515625 0.44907226666666666 0.0439453125 0.44907226666666666 0.0380859375 0.4415248333333333 0.0302734375 0.4415248333333333 0.029296875 0.44718540833333337 0.0390625 0.47737513958333333 0.0498046875 0.49813058125 0.0556640625 0.5019042958333333 0.05859375 0.5075648708333333 0.060546875 0.5151123041666666 0.060546875 0.5302071708333334 0.05859375 0.5339808875000001 0.0693359375 0.5358677458333333 0.076171875 0.5490757541666667 0.10516223124999999 0.6176341229166666 0.1238156078125 0.6348632916666667 0.129492771875 0.6192003625000001 0.0962410453125 0.5659464083333333 0.083984375 0.5377546041666666 0.069882959375 0.5032946895833333 0.105567703125 0.5346205479166667 0.142469046875 0.5941397291666667 0.14530759843750002 0.5722115750000001
13 0.3065073921875 0.5543980104166667 0.3032633078125 0.5410845437499999 0.28515625 0.48869628958333333 0.2783203125 0.47548828125 0.2705078125 0.47548828125 0.2666015625 0.47171456458333333 0.2197265625 0.38114536875000005 0.2158203125 0.37737165208333334 0.21484375 0.38680594375 0.2197265625 0.39246651875 0.265625 0.48114885625 0.265625 0.5000174395833333 0.2734375 0.5151123041666666 0.29109803749999996 0.5410845437499999 0.297991678125 0.5637958333333334 0.305290853125 0.5818081374999999 0.31583408125 0.599037425 0.3312434359375 0.59825423125 0.3320544421875 0.57867556875 0.3065073921875 0.5543980104166667
8 0.703125 0.59813406875 0.6669921875 0.5207728791666667 0.634765625 0.5792654854166667 0.634765625 0.9264474041666666 0.693359375 0.9226736895833334 0.681640625 0.7604038791666666 0.681640625 0.69247698125 0.69140625 0.6585135333333334 0.677734375 0.6358712333333333 0.7001953125 0.6302106583333333 0.703125 0.59813406875
8 0.771484375 0.5415283208333334 0.76171875 0.5868129187500001 0.765625 0.7754987437499999 0.759765625 0.9264474041666666 0.8134765625 0.9283342625 0.818359375 0.91512625625 0.80859375 0.6887032645833333 0.826171875 0.5717180520833334 0.8203125 0.5453020375000001 0.7919921875 0.5019042958333333 0.771484375 0.5415283208333334
8 0.9091796875 0.5358677458333333 0.9304720968750001 0.5847666875 0.9417987546875001 0.5822231041666667 0.9423255875000001 0.5695051770833334 0.9111328125 0.5094517291666667 0.888671875 0.5415283208333334 0.873046875 0.59813406875 0.865234375 0.9264474041666666 0.923828125 0.9188999729166666 0.9140625 0.69247698125 0.927734375 0.6434186666666667 0.90234375 0.6283238 0.89453125 0.5792654854166667 0.908203125 0.5566231854166667 0.9091796875 0.5358677458333333
8 0.490234375 0.6094552166666667 0.490234375 0.5943603520833334 0.501953125 0.5679443354166666 0.5029296875 0.5471888958333333 0.5205078125 0.5962472104166667 0.5380859375 0.6075683583333333 0.541015625 0.5905866354166667 0.521484375 0.5603969020833334 0.521484375 0.5490757541666667 0.5087890625 0.5245465958333333 0.498046875 0.5302071708333334 0.498046875 0.5415283208333334 0.478515625 0.5717180520833334 0.470703125 0.6019077854166667 0.4765625 0.6660609645833334 0.4765625 0.7679513104166666 0.46484375 0.9113525395833334 0.466796875 0.9264474041666666 0.5205078125 0.9283342625 0.5234375 0.9226736895833334 0.51953125 0.7302141458333333 0.5234375 0.69247698125 0.533203125 0.6585135333333334 0.5087890625 0.6490792416666668 0.490234375 0.6094552166666667
8 0.44140625 0.5943603520833334 0.4296875 0.5490757541666667 0.4169921875 0.5396414625 0.416015625 0.5264334541666666 0.4052734375 0.5132254458333334 0.392578125 0.5302071708333334 0.380859375 0.6056815020833334 0.3828125 0.6887032645833333 0.375 0.8358782083333334 0.365234375 0.9113525395833334 0.369140625 0.9264474041666666 0.42578125 0.9226736895833334 0.423828125 0.7000244145833334 0.43359375 0.6622872479166666 0.41796875 0.6358712333333333 0.4345703125 0.6415318083333333 0.439453125 0.6320975166666667 0.44140625 0.5943603520833334
8 0.3115234375 0.5019042958333333 0.3017578125 0.4792619979166667 0.28125 0.5037911541666666 0.271484375 0.5453020375000001 0.27734375 0.6736083979166666 0.263671875 0.9264474041666666 0.326171875 0.9226736895833334 0.3203125 0.6773821145833333 0.32421875 0.6358712333333333 0.333984375 0.6094552166666667 0.337890625 0.5490757541666667 0.3310546875 0.5207728791666667 0.3115234375 0.5019042958333333
8 0.2333984375 0.60379464375 0.2353515625 0.622663225 0.24609375 0.5792654854166667 0.2099609375 0.48303571458333333 0.201171875 0.5000174395833333 0.193359375 0.5490757541666667 0.18359375 0.5603969020833334 0.1875 0.7075718479166666 0.1796875 0.9264474041666666 0.23828125 0.9226736895833334 0.23046875 0.7490827291666666 0.23046875 0.6773821145833333 0.236328125 0.6434186666666667 0.220703125 0.6132289333333334 0.220703125 0.6019077854166667 0.2333984375 0.60379464375
8 0.1083984375 0.5207728791666667 0.140581159375 0.5664600708333333 0.1417473515625 0.5493431416666666 0.1067615921875 0.4898843333333333 0.095703125 0.5075648708333333 0.072265625 0.57549176875 0.080078125 0.6773821145833333 0.07421875 0.9000313895833333 0.07421875 0.9226736895833334 0.078125 0.9264474041666666 0.134765625 0.9226736895833334 0.12109375 0.7226667125 0.126953125 0.6358712333333333 0.1103515625 0.622663225 0.095703125 0.5792654854166667 0.095703125 0.5566231854166667 0.1083984375 0.5207728791666667